Date,High,Low,Open,Close,Volume,Adj Close
2010-01-04,19.91111183166504,19.462221145629883,19.595556259155273,19.893333435058594,1734975.0,17.913528442382812
2010-01-05,20.364444732666016,19.82666778564453,19.84000015258789,20.34666633605957,1419075.0,18.321748733520508
2010-01-06,20.573333740234375,20.20888900756836,20.293333053588867,20.49333381652832,888525.0,18.45382308959961
2010-01-07,20.586666107177734,20.200000762939453,20.386667251586914,20.488889694213867,1296225.0,18.449811935424805
2010-01-08,20.537778854370117,20.31999969482422,20.440000534057617,20.48444366455078,1071900.0,18.445812225341797
2010-01-11,20.782222747802734,20.440000534057617,20.675556182861328,20.51555633544922,969525.0,18.473834991455078
2010-01-12,20.768888473510742,20.364444732666016,20.364444732666016,20.564443588256836,1168650.0,18.517850875854492
2010-01-13,20.817777633666992,20.48444366455078,20.684444427490234,20.74222183227539,1151325.0,18.67793846130371
2010-01-14,20.79111099243164,20.546667098999023,20.617778778076172,20.746667861938477,1016325.0,18.681943893432617
2010-01-15,20.697778701782227,20.44444465637207,20.697778701782227,20.53333282470703,1131750.0,18.489835739135742
2010-01-19,21.044443130493164,20.511110305786133,20.511110305786133,20.85333251953125,1055475.0,18.777984619140625
2010-01-20,20.77777862548828,20.511110305786133,20.657777786254883,20.675556182861328,1056150.0,18.61790657043457
2010-01-21,20.835556030273438,20.142221450805664,20.724443435668945,20.239999771118164,1629450.0,18.225696563720703
2010-01-22,20.27111053466797,19.49333381652832,20.17333221435547,19.662221908569336,1940400.0,17.705411911010742
2010-01-25,20.29777717590332,19.87555694580078,19.87555694580078,20.133333206176758,1313550.0,18.1296443939209
2010-01-26,20.373332977294922,19.87555694580078,20.0222225189209,19.92888832092285,1118925.0,17.945547103881836
2010-01-27,20.399999618530273,19.86222267150879,19.92888832092285,20.351110458374023,1153575.0,18.32575035095215
2010-01-28,20.44444465637207,19.915555953979492,20.34666633605957,20.0755558013916,841500.0,18.077613830566406
2010-01-29,20.453332901000977,19.92888832092285,20.13777732849121,19.955556869506836,994275.0,17.969558715820312
2010-02-01,20.49333381652832,20.06222152709961,20.12444305419922,20.195556640625,906525.0,18.1856746673584
2010-02-02,20.542221069335938,20.13777732849121,20.30666732788086,20.53333282470703,906750.0,18.489835739135742
2010-02-03,20.49333381652832,20.11111068725586,20.364444732666016,20.18666648864746,842400.0,18.177669525146484
2010-02-04,20.577777862548828,19.648889541625977,20.004444122314453,19.648889541625977,2167425.0,17.69341278076172
2010-02-05,19.760000228881836,18.96444320678711,19.626667022705078,19.595556259155273,1950975.0,17.6453857421875
2010-02-08,20.102222442626953,19.49333381652832,19.87555694580078,19.573333740234375,2055825.0,17.625383377075195
2010-02-09,20.017778396606445,19.29777717590332,19.822221755981445,19.68000030517578,1892700.0,17.721426010131836
2010-02-10,20.06222152709961,19.431110382080078,19.586666107177734,19.719999313354492,1346850.0,17.757448196411133
2010-02-11,19.884443283081055,19.413333892822266,19.768888473510742,19.795555114746094,2922075.0,17.82548713684082
2010-02-12,19.724443435668945,19.30666732788086,19.639999389648438,19.724443435668945,1618200.0,17.761451721191406
2010-02-16,19.91111183166504,19.41777801513672,19.9022216796875,19.86222267150879,1752525.0,17.88551902770996
2010-02-17,20.182222366333008,19.93777847290039,19.98666763305664,20.177778244018555,1326825.0,18.169662475585938
2010-02-18,20.60444450378418,20.066667556762695,20.133333206176758,20.497777938842773,1393200.0,18.45781898498535
2010-02-19,20.82666778564453,20.382221221923828,20.435556411743164,20.68000030517578,1295775.0,18.621910095214844
2010-02-22,20.884443283081055,20.537778854370117,20.68000030517578,20.831111907958984,1279350.0,18.757984161376953
2010-02-23,20.684444427490234,20.044443130493164,20.684444427490234,20.057777404785156,2943225.0,18.06160545349121
2010-02-24,20.453332901000977,20.044443130493164,20.066667556762695,20.373332977294922,1429200.0,18.345760345458984
2010-02-25,20.639999389648438,19.97333335876465,20.1200008392334,20.58222198486328,1686825.0,18.533864974975586
2010-02-26,20.737777709960938,20.39555549621582,20.666667938232422,20.666667938232422,1343700.0,18.609905242919922
2010-03-01,20.959999084472656,20.74222183227539,20.79111099243164,20.91111183166504,882900.0,18.830015182495117
2010-03-02,21.044443130493164,20.786666870117188,21.040000915527344,20.982221603393555,1115325.0,18.894046783447266
2010-03-03,21.657777786254883,20.982221603393555,21.0755558013916,21.542221069335938,2732175.0,19.3983211517334
2010-03-04,21.84000015258789,21.502222061157227,21.635555267333984,21.760000228881836,1927350.0,19.594423294067383
2010-03-05,22.262222290039062,21.808889389038086,21.920000076293945,22.217777252197266,1683675.0,20.006641387939453
2010-03-08,22.537778854370117,22.017778396606445,22.053333282470703,22.471111297607422,1528875.0,20.234764099121094
2010-03-09,22.528888702392578,22.280000686645508,22.30666732788086,22.41777801513672,1618200.0,20.186737060546875
2010-03-10,22.760000228881836,22.315555572509766,22.41777801513672,22.63111114501953,1773225.0,20.37883949279785
2010-03-11,22.786666870117188,22.502222061157227,22.551111221313477,22.786666870117188,1247400.0,20.518917083740234
2010-03-12,22.942222595214844,22.595556259155273,22.82666778564453,22.733333587646484,956250.0,20.47088623046875
2010-03-15,22.955556869506836,22.64444351196289,22.675556182861328,22.88888931274414,1666125.0,20.6109676361084
2010-03-16,23.382221221923828,22.866666793823242,22.920000076293945,23.373332977294922,1678950.0,21.04719352722168
2010-03-17,24.18666648864746,23.408889770507812,23.408889770507812,23.8799991607666,2313450.0,21.503435134887695
2010-03-18,23.959999084472656,23.666667938232422,23.817777633666992,23.857778549194336,990675.0,21.483434677124023
2010-03-19,24.084444046020508,23.622222900390625,23.635555267333984,23.635555267333984,1600875.0,21.283327102661133
2010-03-22,23.831111907958984,23.342222213745117,23.622222900390625,23.622222900390625,1238625.0,21.27132225036621
2010-03-23,23.719999313354492,23.333332061767578,23.591110229492188,23.719999313354492,1369350.0,21.35936164855957
2010-03-24,23.684444427490234,23.435556411743164,23.639999389648438,23.511110305786133,1664550.0,21.171262741088867
2010-03-25,23.831111907958984,23.391111373901367,23.733333587646484,23.44444465637207,1481175.0,21.111223220825195
2010-03-26,23.82666778564453,23.311111450195312,23.46666717529297,23.404443740844727,1543050.0,21.075218200683594
2010-03-29,23.697778701782227,23.29777717590332,23.551111221313477,23.60444450378418,1132650.0,21.255308151245117
2010-03-30,23.711111068725586,23.41777801513672,23.53333282470703,23.46666717529297,852750.0,21.19109344482422
2010-03-31,23.795555114746094,23.302221298217773,23.377777099609375,23.782222747802734,2390850.0,21.47604751586914
2010-04-01,24.151111602783203,23.893333435058594,23.91111183166504,24.057777404785156,1270575.0,21.724884033203125
2010-04-05,24.30666732788086,24.04888916015625,24.12444305419922,24.28444480895996,850725.0,21.92957305908203
2010-04-06,24.386667251586914,24.12444305419922,24.18666648864746,24.315555572509766,1664325.0,21.957670211791992
2010-04-07,24.302221298217773,23.795555114746094,24.280000686645508,23.97333335876465,1370700.0,21.648624420166016
2010-04-08,23.92888832092285,23.608888626098633,23.87555694580078,23.915555953979492,1599300.0,21.596454620361328
2010-04-09,23.96444320678711,23.733333587646484,23.92888832092285,23.946666717529297,837225.0,21.62455177307129
2010-04-12,24.182222366333008,23.9777774810791,24.03555679321289,24.168888092041016,1229850.0,21.825218200683594
2010-04-13,24.34666633605957,23.8799991607666,24.07111167907715,24.311111450195312,921825.0,21.953651428222656
2010-04-14,24.91111183166504,24.364444732666016,24.41777801513672,24.91111183166504,1488150.0,22.4954776763916
2010-04-15,24.906667709350586,24.48444366455078,24.906667709350586,24.773332595825195,1127250.0,22.371049880981445
2010-04-16,24.81333351135254,24.040000915527344,24.69333267211914,24.22222137451172,1836000.0,21.87337875366211
2010-04-19,24.39555549621582,23.857778549194336,24.01333236694336,24.36888885498047,898875.0,22.005821228027344
2010-04-20,24.817777633666992,24.44444465637207,24.564443588256836,24.817777633666992,647775.0,22.41118812561035
2010-04-21,24.884443283081055,24.22222137451172,24.768888473510742,24.559999465942383,1175400.0,22.17840576171875
2010-04-22,24.537778854370117,24.01333236694336,24.324443817138672,24.51555633544922,870750.0,22.138269424438477
2010-04-23,25.031110763549805,24.364444732666016,24.50666618347168,24.98666763305664,1051425.0,22.563697814941406
2010-04-26,25.128889083862305,24.755556106567383,24.98666763305664,24.799999237060547,1060200.0,22.395130157470703
2010-04-27,24.719999313354492,23.648889541625977,24.666667938232422,23.724443435668945,1356525.0,21.423877716064453
2010-04-28,24.15999984741211,23.315555572509766,23.96444320678711,23.413333892822266,2529225.0,21.14293670654297
2010-04-29,24.502222061157227,23.706666946411133,23.706666946411133,24.364444732666016,1582425.0,22.00181770324707
2010-04-30,24.48444366455078,23.782222747802734,24.302221298217773,23.795555114746094,1457775.0,21.48809051513672
2010-05-03,24.017778396606445,23.648889541625977,23.942222595214844,23.84000015258789,1271700.0,21.52822494506836
2010-05-04,23.84000015258789,23.128889083862305,23.46666717529297,23.377777099609375,2035800.0,21.110828399658203
2010-05-05,23.724443435668945,23.0,23.102222442626953,23.36888885498047,1692450.0,21.10279655456543
2010-05-06,23.69333267211914,21.426666259765625,23.28444480895996,22.564443588256836,3230775.0,20.376361846923828
2010-05-07,22.795555114746094,21.617778778076172,22.475555419921875,21.822221755981445,2930850.0,19.706113815307617
2010-05-10,23.635555267333984,22.768888473510742,23.004444122314453,23.622222900390625,2573550.0,21.33156967163086
2010-05-11,23.9022216796875,23.151111602783203,23.248889923095703,23.426666259765625,1425600.0,21.154972076416016
2010-05-12,23.9022216796875,23.31999969482422,23.546667098999023,23.85333251953125,1309950.0,21.540260314941406
2010-05-13,23.799999237060547,23.351110458374023,23.799999237060547,23.404443740844727,1252125.0,21.134910583496094
2010-05-14,23.18666648864746,22.360000610351562,23.151111602783203,22.68000030517578,1642050.0,20.4807186126709
2010-05-17,23.06222152709961,22.391111373901367,22.733333587646484,22.995555877685547,1817100.0,20.765663146972656
2010-05-18,23.377777099609375,22.53333282470703,23.275556564331055,22.622222900390625,2099925.0,20.428539276123047
2010-05-19,22.9777774810791,22.23555564880371,22.595556259155273,22.82666778564453,2727000.0,20.6131534576416
2010-05-20,22.55555534362793,21.760000228881836,22.23555564880371,21.97333335876465,3435075.0,19.84256935119629
2010-05-21,22.51555633544922,21.471111297607422,21.559999465942383,22.497777938842773,2675700.0,20.3161563873291
2010-05-24,22.53333282470703,21.9777774810791,22.453332901000977,21.995555877685547,1728225.0,19.862634658813477
2010-05-25,22.106666564941406,21.182222366333008,21.41777801513672,22.084444046020508,2628000.0,19.94289779663086
2010-05-26,22.65333366394043,22.02666664123535,22.342222213745117,22.155555725097656,1822050.0,20.00712013244629
2010-05-27,23.462221145629883,22.60444450378418,22.65333366394043,23.453332901000977,1619100.0,21.179052352905273
2010-05-28,23.453332901000977,22.799999237060547,23.453332901000977,22.9022216796875,1624950.0,20.681381225585938
2010-06-01,23.017778396606445,22.34666633605957,22.671110153198242,22.382221221923828,1397700.0,20.21180534362793
2010-06-02,23.253332138061523,22.351110458374023,22.586666107177734,23.248889923095703,1455975.0,20.994434356689453
2010-06-03,23.44444465637207,22.933332443237305,23.217777252197266,23.133333206176758,854325.0,20.890079498291016
2010-06-04,22.697778701782227,21.897777557373047,22.546667098999023,22.017778396606445,1637550.0,19.882705688476562
2010-06-07,22.280000686645508,21.626667022705078,22.0977783203125,21.662221908569336,1701675.0,19.56162452697754
2010-06-08,22.413333892822266,21.457778930664062,21.74222183227539,22.34666633605957,1831500.0,20.179702758789062
2010-06-09,22.8799991607666,22.266666412353516,22.51555633544922,22.351110458374023,1870425.0,20.183712005615234
2010-06-10,23.03555679321289,22.586666107177734,22.733333587646484,23.008888244628906,1723500.0,20.7777042388916
2010-06-11,23.093332290649414,22.622222900390625,22.69333267211914,23.066667556762695,1220175.0,20.82988166809082
2010-06-14,23.502222061157227,22.968889236450195,23.302221298217773,22.9777774810791,1485225.0,20.749618530273438
2010-06-15,23.622222900390625,23.1200008392334,23.23555564880371,23.559999465942383,2261700.0,21.27538299560547
2010-06-16,23.648889541625977,23.262222290039062,23.262222290039062,23.377777099609375,1908000.0,21.110828399658203
2010-06-17,23.542221069335938,23.102222442626953,23.497777938842773,23.404443740844727,2122200.0,21.134910583496094
2010-06-18,23.502222061157227,23.311111450195312,23.435556411743164,23.49333381652832,1536300.0,21.21517562866211
2010-06-21,24.079999923706055,23.302221298217773,23.77777862548828,23.41777801513672,1323450.0,21.14694595336914
2010-06-22,23.546667098999023,22.755556106567383,23.41777801513672,22.795555114746094,2279250.0,20.58506202697754
2010-06-23,22.991111755371094,22.53333282470703,22.79111099243164,22.746667861938477,1726200.0,20.540918350219727
2010-06-24,22.755556106567383,22.248889923095703,22.577777862548828,22.311111450195312,1775250.0,20.14759063720703
2010-06-25,23.142221450805664,22.15999984741211,22.53333282470703,23.133333206176758,3513825.0,20.890079498291016
2010-06-28,23.448888778686523,22.955556869506836,23.142221450805664,23.244443893432617,3047175.0,20.990413665771484
2010-06-29,22.995555877685547,22.564443588256836,22.91111183166504,22.755556106567383,2582100.0,20.548940658569336
2010-06-30,22.85333251953125,21.97333335876465,22.72888946533203,22.004444122314453,2705400.0,19.92905044555664
2010-07-01,22.14666748046875,21.15999984741211,22.03555679321289,21.72888946533203,4711725.0,19.679481506347656
2010-07-02,21.9777774810791,21.520000457763672,21.822221755981445,21.795555114746094,1773675.0,19.739864349365234
2010-07-06,22.364444732666016,21.502222061157227,22.066667556762695,21.799999237060547,2275425.0,19.743885040283203
2010-07-07,22.773332595825195,21.831111907958984,21.893333435058594,22.751110076904297,1780650.0,20.605297088623047
2010-07-08,23.03555679321289,22.591110229492188,22.9777774810791,22.968889236450195,1320300.0,20.802532196044922
2010-07-09,23.102222442626953,22.577777862548828,22.724443435668945,23.06222152709961,1302075.0,20.887056350708008
2010-07-12,22.97333335876465,22.617778778076172,22.959999084472656,22.799999237060547,1321425.0,20.649568557739258
2010-07-13,23.15999984741211,22.920000076293945,23.084444046020508,23.017778396606445,1951875.0,20.846811294555664
2010-07-14,22.88888931274414,22.382221221923828,22.87555694580078,22.635555267333984,1445175.0,20.500638961791992
2010-07-15,22.671110153198242,22.053333282470703,22.662221908569336,22.408889770507812,2149875.0,20.295345306396484
2010-07-16,22.200000762939453,21.706666946411133,22.200000762939453,21.773332595825195,2341575.0,19.719736099243164
2010-07-19,22.07111167907715,21.542221069335938,21.86222267150879,21.915555953979492,1279350.0,19.848543167114258
2010-07-20,22.364444732666016,21.431110382080078,21.431110382080078,22.360000610351562,1443600.0,20.251073837280273
2010-07-21,22.622222900390625,21.77777862548828,22.622222900390625,21.822221755981445,1856700.0,19.764013290405273
2010-07-22,22.51555633544922,22.044443130493164,22.151111602783203,22.431110382080078,1935450.0,20.315475463867188
2010-07-23,22.848888397216797,22.248889923095703,22.431110382080078,22.768888473510742,1582875.0,20.621400833129883
2010-07-26,22.982221603393555,22.662221908569336,22.848888397216797,22.92888832092285,924300.0,20.766305923461914
2010-07-27,23.213333129882812,22.9244441986084,23.177778244018555,23.11111068725586,1904850.0,20.931339263916016
2010-07-28,23.142221450805664,22.884443283081055,23.066667556762695,23.093332290649414,2412450.0,20.915233612060547
2010-07-29,24.435556411743164,22.982221603393555,23.462221145629883,23.711111068725586,6592950.0,21.474748611450195
2010-07-30,23.906667709350586,23.35555648803711,23.520000457763672,23.586666107177734,2525850.0,21.362037658691406
2010-08-02,24.333332061767578,23.844444274902344,24.08888816833496,24.168888092041016,2167200.0,21.88934898376465
2010-08-03,24.084444046020508,23.711111068725586,24.07111167907715,23.74222183227539,1511550.0,21.5029239654541
2010-08-04,23.795555114746094,23.311111450195312,23.77777862548828,23.622222900390625,2845125.0,21.394241333007812
2010-08-05,23.76444435119629,23.337778091430664,23.46666717529297,23.711111068725586,1379250.0,21.474748611450195
2010-08-06,23.688888549804688,23.280000686645508,23.435556411743164,23.671110153198242,1390725.0,21.438518524169922
2010-08-09,24.066667556762695,23.755556106567383,23.782222747802734,23.995555877685547,1395450.0,21.732364654541016
2010-08-10,23.915555953979492,23.60444450378418,23.72888946533203,23.77777862548828,1692225.0,21.535131454467773
2010-08-11,23.46666717529297,22.946666717529297,23.46666717529297,22.955556869506836,1996425.0,20.790449142456055
2010-08-12,22.786666870117188,22.497777938842773,22.706666946411133,22.684444427490234,1685250.0,20.54491424560547
2010-08-13,22.87555694580078,22.479999542236328,22.675556182861328,22.502222061157227,1505250.0,20.379878997802734
2010-08-16,22.520000457763672,22.262222290039062,22.399999618530273,22.373332977294922,1860525.0,20.26314926147461
2010-08-17,22.87555694580078,22.497777938842773,22.635555267333984,22.733333587646484,3039300.0,20.589189529418945
2010-08-18,22.9777774810791,22.462221145629883,22.72888946533203,22.86222267150879,1177200.0,20.705923080444336
2010-08-19,22.817777633666992,22.115556716918945,22.737777709960938,22.164443969726562,2136825.0,20.073957443237305
2010-08-20,22.079999923706055,21.76444435119629,21.995555877685547,21.995555877685547,2238975.0,19.920995712280273
2010-08-23,22.25777816772461,21.96444320678711,22.0755558013916,22.04888916015625,1712475.0,19.969301223754883
2010-08-24,21.77777862548828,21.311111450195312,21.724443435668945,21.479999542236328,2706750.0,19.454072952270508
2010-08-25,21.72888946533203,21.0222225189209,21.28444480895996,21.666667938232422,2504925.0,19.623125076293945
2010-08-26,21.915555953979492,21.546667098999023,21.808889389038086,21.595556259155273,1939725.0,19.5587158203125
2010-08-27,22.342222213745117,21.399999618530273,21.69333267211914,22.342222213745117,2282400.0,20.234968185424805
2010-08-30,22.239999771118164,21.626667022705078,22.22222137451172,21.65333366394043,1575000.0,19.611059188842773
2010-08-31,22.0222225189209,21.479999542236328,21.573333740234375,21.933332443237305,2028150.0,19.864646911621094
2010-09-01,22.808889389038086,22.177778244018555,22.27111053466797,22.795555114746094,1634625.0,20.645549774169922
2010-09-02,22.915555953979492,22.577777862548828,22.844444274902344,22.822221755981445,2296800.0,20.669692993164062
2010-09-03,23.275556564331055,22.98666763305664,23.11111068725586,23.22222137451172,1610550.0,21.031970977783203
2010-09-07,23.084444046020508,22.74222183227539,23.044443130493164,22.751110076904297,1251225.0,20.605297088623047
2010-09-08,23.08888816833496,22.768888473510742,22.79111099243164,22.920000076293945,1404225.0,20.758251190185547
2010-09-09,23.360000610351562,23.03555679321289,23.280000686645508,23.151111602783203,1769400.0,20.967567443847656
2010-09-10,23.457778930664062,22.97333335876465,23.18666648864746,23.404443740844727,1447425.0,21.197006225585938
2010-09-13,23.942222595214844,23.573333740234375,23.684444427490234,23.8799991607666,1410300.0,21.627708435058594
2010-09-14,24.440000534057617,23.626667022705078,23.831111907958984,24.093332290649414,2417625.0,21.820920944213867
2010-09-15,24.168888092041016,23.697778701782227,23.866666793823242,24.133333206176758,1611900.0,21.857145309448242
2010-09-16,24.084444046020508,23.71555519104004,24.04888916015625,23.946666717529297,1464525.0,21.688085556030273
2010-09-17,24.191110610961914,23.866666793823242,24.008888244628906,23.91111183166504,1942200.0,21.6558837890625
2010-09-20,24.46666717529297,23.98666763305664,24.04888916015625,24.333332061767578,1564425.0,22.038280487060547
2010-09-21,24.808889389038086,24.27111053466797,24.34666633605957,24.51555633544922,1534500.0,22.203311920166016
2010-09-22,24.511110305786133,23.848888397216797,24.431110382080078,24.004444122314453,1856700.0,21.74041748046875
2010-09-23,23.85333251953125,23.413333892822266,23.719999313354492,23.475555419921875,1545300.0,21.261411666870117
2010-09-24,24.244443893432617,23.74222183227539,23.808889389038086,24.164443969726562,2016000.0,21.885318756103516
2010-09-27,24.0977783203125,23.711111068725586,24.0977783203125,23.786666870117188,1372050.0,21.54317855834961
2010-09-28,24.079999923706055,23.44444465637207,23.773332595825195,24.01333236694336,1731375.0,21.74846649169922
2010-09-29,23.884443283081055,23.60444450378418,23.81333351135254,23.71555519104004,1572075.0,21.54256248474121
2010-09-30,23.991111755371094,23.546667098999023,23.933332443237305,23.617778778076172,1743525.0,21.453752517700195
2010-10-01,23.91111183166504,23.55555534362793,23.786666870117188,23.70222282409668,1635075.0,21.530460357666016
2010-10-04,23.70222282409668,23.29777717590332,23.662221908569336,23.497777938842773,1488375.0,21.34474754333496
2010-10-05,24.391111373901367,23.377777099609375,23.706666946411133,24.373332977294922,2410425.0,22.14008140563965
2010-10-06,24.34666633605957,24.02666664123535,24.29777717590332,24.217777252197266,1472400.0,21.998775482177734
2010-10-07,24.288888931274414,23.866666793823242,24.28444480895996,23.98666763305664,947250.0,21.788835525512695
2010-10-08,24.275556564331055,23.87555694580078,23.95111083984375,24.191110610961914,798975.0,21.974550247192383
2010-10-11,24.266666412353516,24.11111068725586,24.142221450805664,24.182222366333008,477675.0,21.966476440429688
2010-10-12,24.34666633605957,23.84000015258789,24.066667556762695,24.29777717590332,1315800.0,22.071435928344727
2010-10-13,24.586666107177734,24.315555572509766,24.440000534057617,24.39555549621582,1112175.0,22.160261154174805
2010-10-14,24.724443435668945,24.053333282470703,24.288888931274414,24.266666412353516,1225800.0,22.043182373046875
2010-10-15,24.528888702392578,23.982221603393555,24.457778930664062,24.22222137451172,1280475.0,22.002809524536133
2010-10-18,24.595556259155273,24.248889923095703,24.266666412353516,24.55555534362793,838575.0,22.30560302734375
2010-10-19,24.49333381652832,23.942222595214844,24.177778244018555,24.07111167907715,1422450.0,21.86554718017578
2010-10-20,24.502222061157227,23.98666763305664,24.08888816833496,24.435556411743164,1459350.0,22.196592330932617
2010-10-21,24.848888397216797,24.36888885498047,24.613332748413086,24.613332748413086,888300.0,22.35808563232422
2010-10-22,24.71555519104004,24.542221069335938,24.65333366394043,24.608888626098633,963675.0,22.354047775268555
2010-10-25,24.946666717529297,24.626667022705078,24.799999237060547,24.671110153198242,855450.0,22.410564422607422
2010-10-26,24.84000015258789,24.46666717529297,24.528888702392578,24.77777862548828,1434825.0,22.507463455200195
2010-10-27,24.773332595825195,24.275556564331055,24.502222061157227,24.697778701782227,1428300.0,22.434791564941406
2010-10-28,25.737777709960938,24.968889236450195,24.968889236450195,25.475555419921875,2202975.0,23.14130401611328
2010-10-29,25.55555534362793,25.253332138061523,25.448888778686523,25.457778930664062,1073700.0,23.125158309936523
2010-11-01,25.684444427490234,24.95111083984375,25.55555534362793,25.142221450805664,1577925.0,22.83851432800293
2010-11-02,25.675556182861328,25.408889770507812,25.422222137451172,25.528888702392578,904725.0,23.189754486083984
2010-11-03,25.72888946533203,25.373332977294922,25.551111221313477,25.64444351196289,1359900.0,23.29471778869629
2010-11-04,26.328889846801758,25.884443283081055,25.9022216796875,26.29777717590332,1517175.0,23.888187408447266
2010-11-05,26.608888626098633,26.0755558013916,26.244443893432617,26.333332061767578,1382850.0,23.920494079589844
2010-11-08,26.266666412353516,25.88888931274414,26.164443969726562,26.15999984741211,916875.0,23.76303482055664
2010-11-09,26.34666633605957,25.946666717529297,26.248889923095703,26.066667556762695,1421775.0,23.678255081176758
2010-11-10,26.342222213745117,25.755556106567383,26.044443130493164,26.324443817138672,1690425.0,23.91241455078125
2010-11-11,26.195556640625,25.69333267211914,26.07111167907715,25.98666763305664,1476000.0,23.6055850982666
2010-11-12,25.968889236450195,25.63111114501953,25.782222747802734,25.773332595825195,1230975.0,23.41179656982422
2010-11-15,26.333332061767578,25.831111907958984,25.920000076293945,25.995555877685547,988425.0,23.613656997680664
2010-11-16,25.897777557373047,25.51555633544922,25.82666778564453,25.608888626098633,1664325.0,23.262422561645508
2010-11-17,25.82666778564453,25.50666618347168,25.50666618347168,25.746667861938477,884250.0,23.387575149536133
2010-11-18,26.35555648803711,26.04888916015625,26.115556716918945,26.226667404174805,973125.0,23.823593139648438
2010-11-19,26.217777252197266,25.96444320678711,26.17333221435547,26.20888900756836,1229625.0,23.807453155517578
2010-11-22,26.182222366333008,25.69333267211914,26.0755558013916,26.133333206176758,804825.0,23.738811492919922
2010-11-23,25.9022216796875,25.542221069335938,25.81333351135254,25.8799991607666,1505250.0,23.508689880371094
2010-11-24,26.17333221435547,25.906667709350586,26.004444122314453,26.164443969726562,1075050.0,23.767074584960938
2010-11-26,26.031110763549805,25.835556030273438,25.946666717529297,25.844444274902344,615150.0,23.47639274597168
2010-11-29,25.991111755371094,25.471111297607422,25.688888549804688,25.93777847290039,1847250.0,23.561176300048828
2010-11-30,25.93777847290039,25.511110305786133,25.675556182861328,25.542221069335938,2497950.0,23.201866149902344
2010-12-01,26.204444885253906,25.982221603393555,26.02666664123535,26.17333221435547,1967400.0,23.775144577026367
2010-12-02,26.88888931274414,26.253332138061523,26.25777816772461,26.79111099243164,1659150.0,24.33632469177246
2010-12-03,27.07111167907715,26.546667098999023,26.573333740234375,27.0,1166400.0,24.526073455810547
2010-12-06,27.288888931274414,26.799999237060547,26.906667709350586,27.06222152709961,1600650.0,24.582590103149414
2010-12-07,27.399999618530273,27.07111167907715,27.377777099609375,27.14666748046875,1330650.0,24.6592960357666
2010-12-08,27.50666618347168,27.040000915527344,27.155555725097656,27.435556411743164,1276425.0,24.921716690063477
2010-12-09,27.933332443237305,27.351110458374023,27.648889541625977,27.462221145629883,1224900.0,24.945941925048828
2010-12-10,27.453332901000977,26.871110916137695,27.280000686645508,27.440000534057617,2067525.0,24.92575454711914
2010-12-13,27.746667861938477,27.373332977294922,27.613332748413086,27.551111221313477,1383525.0,25.026689529418945
2010-12-14,27.671110153198242,27.253332138061523,27.542221069335938,27.333332061767578,1349550.0,24.828859329223633
2010-12-15,27.422222137451172,26.795555114746094,26.844444274902344,26.866666793823242,1936350.0,24.404953002929688
2010-12-16,27.031110763549805,26.706666946411133,26.96444320678711,26.799999237060547,1642050.0,24.344398498535156
2010-12-17,26.9777774810791,26.760000228881836,26.84000015258789,26.844444274902344,1574100.0,24.384761810302734
2010-12-20,27.044443130493164,26.768888473510742,26.92888832092285,26.88888931274414,935100.0,24.425140380859375
2010-12-21,27.084444046020508,26.91111183166504,26.98666763305664,27.031110763549805,609525.0,24.554332733154297
2010-12-22,27.239999771118164,27.084444046020508,27.106666564941406,27.20888900756836,702675.0,24.715816497802734
2010-12-23,27.23555564880371,26.959999084472656,27.151111602783203,27.0222225189209,594450.0,24.546253204345703
2010-12-27,27.1200008392334,26.831111907958984,26.93777847290039,27.008888244628906,550125.0,24.53413963317871
2010-12-28,27.13777732849121,26.760000228881836,27.0755558013916,26.93777847290039,533025.0,24.469547271728516
2010-12-29,27.040000915527344,26.782222747802734,27.0,26.88888931274414,780075.0,24.425140380859375
2010-12-30,26.897777557373047,26.600000381469727,26.871110916137695,26.626667022705078,523350.0,24.186941146850586
2010-12-31,26.76444435119629,26.542221069335938,26.55555534362793,26.551111221313477,666225.0,24.11831283569336
2011-01-03,27.04888916015625,26.719999313354492,26.84000015258789,26.968889236450195,924750.0,24.4978084564209
2011-01-04,27.253332138061523,26.755556106567383,26.8799991607666,27.15999984741211,3173175.0,24.73663330078125
2011-01-05,27.50666618347168,26.906667709350586,26.98666763305664,27.471111297607422,2226150.0,25.01998519897461
2011-01-06,27.51555633544922,27.231111526489258,27.422222137451172,27.324443817138672,1269675.0,24.886404037475586
2011-01-07,27.55555534362793,27.0,27.342222213745117,27.27111053466797,1210050.0,24.83782958984375
2011-01-10,27.426666259765625,26.844444274902344,27.07111167907715,27.31999969482422,1295325.0,24.882356643676758
2011-01-11,27.50666618347168,26.946666717529297,27.41777801513672,27.08888816833496,1745550.0,24.671871185302734
2011-01-12,27.58222198486328,27.280000686645508,27.364444732666016,27.391111373901367,821475.0,24.947132110595703
2011-01-13,27.46666717529297,27.142221450805664,27.41777801513672,27.248889923095703,862425.0,24.817598342895508
2011-01-14,27.386667251586914,27.053333282470703,27.204444885253906,27.360000610351562,1131750.0,24.91879653930664
2011-01-18,27.537778854370117,27.191110610961914,27.475555419921875,27.288888931274414,911475.0,24.85403060913086
2011-01-19,27.324443817138672,27.008888244628906,27.084444046020508,27.142221450805664,1227825.0,24.72043800354004
2011-01-20,27.408889770507812,27.031110763549805,27.128889083862305,27.151111602783203,1264725.0,24.728538513183594
2011-01-21,27.475555419921875,27.106666564941406,27.315555572509766,27.288888931274414,933975.0,24.85403060913086
2011-01-24,27.426666259765625,27.0755558013916,27.29777717590332,27.422222137451172,1129050.0,24.9754581451416
2011-01-25,27.684444427490234,27.262222290039062,27.36888885498047,27.671110153198242,1134450.0,25.2021427154541
2011-01-26,27.995555877685547,27.697778701782227,27.706666946411133,27.9022216796875,1166850.0,25.412626266479492
2011-01-27,28.333332061767578,27.76444435119629,27.844444274902344,28.231111526489258,1317825.0,25.712181091308594
2011-01-28,28.217777252197266,27.688888549804688,28.204444885253906,27.724443435668945,1723275.0,25.250717163085938
2011-01-31,27.959999084472656,27.666667938232422,27.773332595825195,27.688888549804688,1367325.0,25.21833038330078
2011-02-01,28.244443893432617,27.848888397216797,27.85333251953125,28.18666648864746,1524600.0,25.671693801879883
2011-02-02,28.253332138061523,27.866666793823242,28.079999923706055,27.897777557373047,957150.0,25.408584594726562
2011-02-03,27.9244441986084,27.60444450378418,27.87555694580078,27.8799991607666,1094400.0,25.39238929748535
2011-02-04,28.31999969482422,27.76444435119629,27.8799991607666,28.266666412353516,1282050.0,25.744564056396484
2011-02-07,28.671110153198242,27.9244441986084,27.9244441986084,28.63111114501953,1485675.0,26.076488494873047
2011-02-08,28.688888549804688,28.41777801513672,28.684444427490234,28.662221908569336,1112400.0,26.10482406616211
2011-02-09,28.71555519104004,28.413333892822266,28.440000534057617,28.688888549804688,1331325.0,26.129104614257812
2011-02-10,28.239999771118164,27.666667938232422,28.13777732849121,27.9244441986084,2474325.0,25.432872772216797
2011-02-11,28.239999771118164,27.773332595825195,27.773332595825195,28.195556640625,1844325.0,25.679794311523438
2011-02-14,28.248889923095703,27.9022216796875,28.17333221435547,28.008888244628906,1112625.0,25.509788513183594
2011-02-15,28.142221450805664,27.8799991607666,27.933332443237305,28.128889083862305,1414800.0,25.619075775146484
2011-02-16,28.462221145629883,28.03555679321289,28.213333129882812,28.404443740844727,625500.0,25.870044708251953
2011-02-17,28.866666793823242,28.17333221435547,28.293333053588867,28.76444435119629,1053225.0,26.197919845581055
2011-02-18,29.253332138061523,28.786666870117188,28.84000015258789,29.08888816833496,1584450.0,26.493419647216797
2011-02-22,28.835556030273438,28.386667251586914,28.746667861938477,28.55555534362793,1334025.0,26.007673263549805
2011-02-23,28.74222183227539,28.14666748046875,28.479999542236328,28.25777816772461,1478925.0,25.736461639404297
2011-02-24,28.360000610351562,27.915555953979492,28.191110610961914,28.182222366333008,1052775.0,25.667652130126953
2011-02-25,28.622222900390625,28.204444885253906,28.342222213745117,28.608888626098633,613350.0,26.05624771118164
2011-02-28,29.053333282470703,28.622222900390625,28.622222900390625,29.0,1473975.0,26.412456512451172
2011-03-01,29.200000762939453,28.671110153198242,29.11111068725586,28.711111068725586,1892925.0,26.14934539794922
2011-03-02,28.675556182861328,28.248889923095703,28.63111114501953,28.408889770507812,1822500.0,25.874095916748047
2011-03-03,28.933332443237305,28.662221908569336,28.68000030517578,28.86222267150879,1265850.0,26.286983489990234
2011-03-04,29.084444046020508,28.74222183227539,28.91111183166504,29.04888916015625,1388925.0,26.456987380981445
2011-03-07,29.328889846801758,28.559999465942383,29.155555725097656,28.666667938232422,1354725.0,26.108867645263672
2011-03-08,29.27111053466797,28.608888626098633,28.755556106567383,29.168888092041016,1110150.0,26.566280364990234
2011-03-09,29.266666412353516,28.9022216796875,29.142221450805664,28.942222595214844,617625.0,26.359832763671875
2011-03-10,28.893333435058594,28.537778854370117,28.675556182861328,28.671110153198242,1174950.0,26.112916946411133
2011-03-11,29.115556716918945,28.475555419921875,28.48444366455078,28.959999084472656,1236825.0,26.376026153564453
2011-03-14,28.74222183227539,28.399999618530273,28.688888549804688,28.635555267333984,1290600.0,26.08053207397461
2011-03-15,28.639999389648438,27.559999465942383,27.866666793823242,28.408889770507812,1836900.0,25.874095916748047
2011-03-16,28.48444366455078,27.648889541625977,28.324443817138672,27.959999084472656,1778625.0,25.465255737304688
2011-03-17,28.440000534057617,28.13777732849121,28.36888885498047,28.35555648803711,1245825.0,25.825517654418945
2011-03-18,29.008888244628906,28.448888778686523,28.639999389648438,28.782222747802734,2271375.0,26.2141170501709
2011-03-21,29.333332061767578,29.004444122314453,29.08888816833496,29.280000686645508,1229175.0,26.667476654052734
2011-03-22,29.46666717529297,28.92888832092285,29.280000686645508,28.93777847290039,1154925.0,26.35578727722168
2011-03-23,29.040000915527344,28.648889541625977,28.87555694580078,28.982221603393555,1474425.0,26.396263122558594
2011-03-24,29.164443969726562,28.786666870117188,29.102222442626953,28.9244441986084,621225.0,26.343639373779297
2011-03-25,29.391111373901367,28.91111183166504,29.031110763549805,29.337778091430664,1093050.0,26.720096588134766
2011-03-28,29.551111221313477,29.25777816772461,29.399999618530273,29.34666633605957,1438875.0,26.728191375732422
2011-03-29,29.386667251586914,29.133333206176758,29.275556564331055,29.27111053466797,2035575.0,26.659381866455078
2011-03-30,29.55555534362793,29.239999771118164,29.364444732666016,29.280000686645508,1913400.0,26.732418060302734
2011-03-31,29.546667098999023,29.115556716918945,29.195556640625,29.546667098999023,2648250.0,26.975887298583984
2011-04-01,29.97333335876465,29.64444351196289,29.64444351196289,29.897777557373047,1654200.0,27.29644775390625
2011-04-04,30.15999984741211,29.85333251953125,29.920000076293945,30.155555725097656,1564425.0,27.53179168701172
2011-04-05,30.226667404174805,29.768888473510742,30.133333206176758,29.88888931274414,1356300.0,27.288330078125
2011-04-06,30.084444046020508,29.86222267150879,29.88888931274414,30.044443130493164,1210950.0,27.430347442626953
2011-04-07,30.248889923095703,29.799999237060547,30.0,30.031110763549805,1688175.0,27.418180465698242
2011-04-08,30.177778244018555,29.479999542236328,30.177778244018555,29.626667022705078,1315575.0,27.048927307128906
2011-04-11,29.98666763305664,29.608888626098633,29.697778701782227,29.81333351135254,914625.0,27.2193546295166
2011-04-12,29.844444274902344,29.542221069335938,29.657777786254883,29.733333587646484,1298475.0,27.146305084228516
2011-04-13,29.991111755371094,29.453332901000977,29.9022216796875,29.595556259155273,1085850.0,27.020524978637695
2011-04-14,29.475555419921875,29.155555725097656,29.475555419921875,29.328889846801758,1306800.0,26.777055740356445
2011-04-15,29.559999465942383,29.14666748046875,29.457778930664062,29.502222061157227,1419975.0,26.9353084564209
2011-04-18,29.14666748046875,28.808889389038086,29.14666748046875,28.97333335876465,1469925.0,26.45244026184082
2011-04-19,29.200000762939453,28.799999237060547,29.008888244628906,29.177778244018555,1271025.0,26.63908576965332
2011-04-20,29.751110076904297,29.39555549621582,29.537778854370117,29.435556411743164,1214325.0,26.87444305419922
2011-04-21,29.746667861938477,29.41777801513672,29.591110229492188,29.688888549804688,598500.0,27.105728149414062
2011-04-25,29.711111068725586,29.360000610351562,29.635555267333984,29.440000534057617,709650.0,26.878498077392578
2011-04-26,29.808889389038086,29.542221069335938,29.622222900390625,29.697778701782227,1319400.0,27.113849639892578
2011-04-27,29.564443588256836,28.63111114501953,29.337778091430664,29.422222137451172,3765150.0,26.862260818481445
2011-04-28,29.74222183227539,29.22222137451172,29.399999618530273,29.591110229492188,2076975.0,27.016462326049805
2011-04-29,29.79111099243164,29.51555633544922,29.613332748413086,29.74222183227539,1192500.0,27.1544246673584
2011-05-02,29.98666763305664,29.364444732666016,29.857778549194336,29.453332901000977,1720125.0,26.890674591064453
2011-05-03,29.70222282409668,29.377777099609375,29.408889770507812,29.622222900390625,1827450.0,27.044864654541016
2011-05-04,29.786666870117188,29.382221221923828,29.573333740234375,29.44444465637207,1687050.0,26.882556915283203
2011-05-05,29.364444732666016,28.968889236450195,29.360000610351562,29.02666664123535,1755000.0,26.50112533569336
2011-05-06,29.475555419921875,28.93777847290039,29.288888931274414,29.231111526489258,1751850.0,26.687786102294922
2011-05-09,29.382221221923828,29.0,29.195556640625,29.25777816772461,1344825.0,26.712127685546875
2011-05-10,29.684444427490234,29.293333053588867,29.342222213745117,29.613332748413086,1907100.0,27.0367488861084
2011-05-11,29.733333587646484,29.36888885498047,29.551111221313477,29.53333282470703,1480725.0,26.963708877563477
2011-05-12,29.719999313354492,29.204444885253906,29.475555419921875,29.65333366394043,1811250.0,27.073261260986328
2011-05-13,29.711111068725586,29.280000686645508,29.64444351196289,29.328889846801758,1508625.0,26.777055740356445
2011-05-16,29.733333587646484,29.200000762939453,29.244443893432617,29.626667022705078,1317825.0,27.048927307128906
2011-05-17,29.808889389038086,29.440000534057617,29.50666618347168,29.724443435668945,1312650.0,27.138198852539062
2011-05-18,29.893333435058594,29.591110229492188,29.724443435668945,29.86222267150879,1632375.0,27.263980865478516
2011-05-19,30.057777404785156,29.795555114746094,29.88888931274414,30.004444122314453,1033425.0,27.393827438354492
2011-05-20,30.11111068725586,29.657777786254883,29.968889236450195,29.706666946411133,1882575.0,27.12196922302246
2011-05-23,29.479999542236328,29.275556564331055,29.34666633605957,29.30666732788086,1127025.0,26.756771087646484
2011-05-24,29.457778930664062,29.11111068725586,29.360000610351562,29.133333206176758,1473975.0,26.5985107421875
2011-05-25,29.239999771118164,28.906667709350586,28.991111755371094,29.1200008392334,1754325.0,26.58633804321289
2011-05-26,29.22222137451172,28.968889236450195,29.044443130493164,29.164443969726562,1950075.0,26.626916885375977
2011-05-27,29.408889770507812,29.177778244018555,29.226667404174805,29.30666732788086,1275300.0,26.82421875
2011-05-31,29.64444351196289,29.408889770507812,29.528888702392578,29.46666717529297,2040075.0,26.970664978027344
2011-06-01,29.391111373901367,28.76444435119629,29.364444732666016,28.77777862548828,1948050.0,26.340126037597656
2011-06-02,29.08888816833496,28.768888473510742,28.8799991607666,29.04888916015625,1807425.0,26.588274002075195
2011-06-03,28.88888931274414,28.51555633544922,28.64444351196289,28.600000381469727,1879875.0,26.177410125732422
2011-06-06,28.751110076904297,28.39555549621582,28.488889694213867,28.46666717529297,1602675.0,26.05536651611328
2011-06-07,28.68000030517578,28.29777717590332,28.622222900390625,28.311111450195312,1936575.0,25.91299057006836
2011-06-08,28.342222213745117,27.942222595214844,28.315555572509766,28.23555564880371,2162025.0,25.84383201599121
2011-06-09,28.41777801513672,28.200000762939453,28.351110458374023,28.23555564880371,2259000.0,25.84383201599121
2011-06-10,28.34666633605957,27.884443283081055,28.115556716918945,28.0755558013916,1760175.0,25.6973876953125
2011-06-13,28.164443969726562,27.92888832092285,28.06222152709961,28.044443130493164,2607300.0,25.668907165527344
2011-06-14,28.404443740844727,28.1200008392334,28.280000686645508,28.275556564331055,4079925.0,25.880441665649414
2011-06-15,28.200000762939453,27.328889846801758,28.06222152709961,27.333332061767578,2989350.0,25.018033981323242
2011-06-16,27.817777633666992,27.36888885498047,27.41777801513672,27.76444435119629,1920375.0,25.412626266479492
2011-06-17,28.128889083862305,27.773332595825195,27.920000076293945,27.96444320678711,2131200.0,25.595687866210938
2011-06-20,28.17333221435547,27.817777633666992,27.835556030273438,27.93777847290039,1779975.0,25.5712833404541
2011-06-21,28.27111053466797,28.044443130493164,28.0755558013916,28.115556716918945,2158875.0,25.733997344970703
2011-06-22,28.280000686645508,27.844444274902344,28.017778396606445,27.866666793823242,1422450.0,25.50618553161621
2011-06-23,27.915555953979492,27.28444480895996,27.546667098999023,27.8799991607666,2113425.0,25.518394470214844
2011-06-24,28.004444122314453,27.497777938842773,27.920000076293945,27.77777862548828,2082600.0,25.424827575683594
2011-06-27,28.11111068725586,27.82666778564453,27.844444274902344,27.933332443237305,1541475.0,25.56720733642578
2011-06-28,28.17333221435547,27.91111183166504,28.0,28.15999984741211,1281600.0,25.774677276611328
2011-06-29,28.39555549621582,28.142221450805664,28.328889846801758,28.34666633605957,1343250.0,25.945531845092773
2011-06-30,28.69333267211914,28.351110458374023,28.422222137451172,28.50666618347168,1399275.0,26.09197998046875
2011-07-01,28.760000228881836,28.360000610351562,28.53333282470703,28.68000030517578,1581075.0,26.250625610351562
2011-07-05,28.866666793823242,28.299999237060547,28.780000686645508,28.6200008392334,1240350.0,26.19571304321289
2011-07-06,28.739999771118164,27.913333892822266,28.106666564941406,28.65999984741211,1046250.0,26.232322692871094
2011-07-07,29.139999389648438,28.899999618530273,28.953332901000977,29.1200008392334,1142250.0,26.653364181518555
2011-07-08,28.81333351135254,28.579999923706055,28.760000228881836,28.780000686645508,1018500.0,26.3421630859375
2011-07-11,28.253332138061523,27.799999237060547,28.1200008392334,27.860000610351562,1921950.0,25.500091552734375
2011-07-12,28.126667022705078,27.726667404174805,27.726667404174805,27.780000686645508,1751700.0,25.426864624023438
2011-07-13,28.239999771118164,27.733333587646484,27.873332977294922,27.833332061767578,1400400.0,25.475685119628906
2011-07-14,28.126667022705078,27.600000381469727,28.00666618347168,27.69333267211914,1369350.0,25.34754753112793
2011-07-15,28.113332748413086,27.413333892822266,27.893333435058594,27.579999923706055,1240050.0,25.243804931640625
2011-07-18,27.600000381469727,27.0,27.3799991607666,27.266666412353516,1672200.0,24.957014083862305
2011-07-19,27.639999389648438,27.266666412353516,27.48666763305664,27.600000381469727,770250.0,25.262117385864258
2011-07-20,27.799999237060547,27.446666717529297,27.666667938232422,27.639999389648438,714900.0,25.298721313476562
2011-07-21,28.31999969482422,27.84000015258789,27.873332977294922,28.126667022705078,1001550.0,25.74416732788086
2011-07-22,28.15333366394043,27.82666778564453,28.126667022705078,27.97333335876465,512550.0,25.603824615478516
2011-07-25,27.866666793823242,27.64666748046875,27.67333221435547,27.746667861938477,970650.0,25.396350860595703
2011-07-26,27.766666412353516,27.386667251586914,27.69333267211914,27.433332443237305,980400.0,25.10956382751465
2011-07-27,27.639999389648438,26.760000228881836,27.426666259765625,26.793333053588867,1569600.0,24.523773193359375
2011-07-28,28.606666564941406,27.139999389648438,27.53333282470703,27.273332595825195,2316300.0,24.96311378479004
2011-07-29,27.35333251953125,26.8799991607666,27.18000030517578,26.926666259765625,1740750.0,24.64581298828125
2011-08-01,27.246667861938477,26.46666717529297,27.246667861938477,26.64666748046875,1514700.0,24.38953399658203
2011-08-02,26.68666648864746,25.886667251586914,26.459999084472656,25.886667251586914,1511700.0,23.693912506103516
2011-08-03,26.19333267211914,25.459999084472656,25.926666259765625,25.97333335876465,1734000.0,23.773239135742188
2011-08-04,25.860000610351562,24.706666946411133,25.64666748046875,24.780000686645508,2266050.0,22.680986404418945
2011-08-05,25.15999984741211,23.833332061767578,25.093332290649414,24.406667709350586,2202450.0,22.339271545410156
2011-08-08,24.079999923706055,22.100000381469727,23.733333587646484,22.1200008392334,4530000.0,20.24630355834961
2011-08-09,23.773332595825195,21.84666633605957,22.5,23.753332138061523,4378950.0,21.741287231445312
2011-08-10,23.479999542236328,22.333332061767578,23.246667861938477,22.373332977294922,4514400.0,20.478178024291992
2011-08-11,24.713333129882812,22.50666618347168,22.520000457763672,24.293333053588867,4351200.0,22.235544204711914
2011-08-12,24.833332061767578,23.946666717529297,24.30666732788086,24.100000381469727,2557650.0,22.058589935302734
2011-08-15,24.566667556762695,24.19333267211914,24.273332595825195,24.566667556762695,2526750.0,22.485721588134766
2011-08-16,24.600000381469727,23.953332901000977,24.246667861938477,24.106666564941406,2470800.0,22.064682006835938
2011-08-17,24.420000076293945,23.899999618530273,24.226667404174805,24.200000762939453,3204300.0,22.15011215209961
2011-08-18,23.893333435058594,23.333332061767578,23.453332901000977,23.546667098999023,3418650.0,21.552120208740234
2011-08-19,24.166667938232422,23.200000762939453,23.266666412353516,23.49333381652832,2658450.0,21.503305435180664
2011-08-22,24.113332748413086,23.373332977294922,24.086666107177734,23.586666107177734,2164050.0,21.588733673095703
2011-08-23,24.440000534057617,23.433332443237305,23.613332748413086,24.406667709350586,2223000.0,22.339271545410156
2011-08-24,24.97333335876465,24.213333129882812,24.53333282470703,24.959999084472656,1545450.0,22.845733642578125
2011-08-25,25.360000610351562,23.97333335876465,25.113332748413086,24.219999313354492,1803900.0,22.168418884277344
2011-08-26,24.48666763305664,23.51333236694336,24.02666664123535,24.35333251953125,2012100.0,22.29045295715332
2011-08-29,25.360000610351562,24.69333267211914,24.766666412353516,25.30666732788086,1150500.0,23.16303825378418
2011-08-30,25.366666793823242,24.633333206176758,25.139999389648438,25.18000030517578,1499550.0,23.047107696533203
2011-08-31,25.713333129882812,25.133333206176758,25.360000610351562,25.47333335876465,2166000.0,23.315589904785156
2011-09-01,25.48666763305664,24.67333221435547,25.420000076293945,24.68000030517578,2191500.0,22.58945655822754
2011-09-02,24.47333335876465,23.913333892822266,24.1200008392334,23.913333892822266,1244550.0,21.887731552124023
2011-09-06,23.593332290649414,22.8799991607666,23.206666946411133,23.540000915527344,2746050.0,21.5460262298584
2011-09-07,24.866666793823242,23.96666717529297,24.020000457763672,24.833332061767578,1290300.0,22.72980308532715
2011-09-08,24.799999237060547,24.31999969482422,24.453332901000977,24.373332977294922,1199550.0,22.30876350402832
2011-09-09,24.31333351135254,23.593332290649414,24.15333366394043,23.82666778564453,1640550.0,21.80840492248535
2011-09-12,24.14666748046875,23.366666793823242,23.446666717529297,24.139999389648438,1789500.0,22.095197677612305
2011-09-13,24.546667098999023,24.00666618347168,24.226667404174805,24.31333351135254,1132350.0,22.253849029541016
2011-09-14,24.746667861938477,23.84666633605957,24.406667709350586,24.47333335876465,1305600.0,22.400291442871094
2011-09-15,24.780000686645508,24.3799991607666,24.733333587646484,24.600000381469727,1870350.0,22.516237258911133
2011-09-16,25.093332290649414,24.546667098999023,24.733333587646484,24.780000686645508,2369400.0,22.680986404418945
2011-09-19,24.406667709350586,23.8799991607666,24.200000762939453,24.18000030517578,1117050.0,22.13180923461914
2011-09-20,24.49333381652832,23.959999084472656,24.200000762939453,23.98666763305664,1358250.0,21.95485496520996
2011-09-21,24.106666564941406,22.873332977294922,23.98666763305664,22.8799991607666,1824600.0,20.941923141479492
2011-09-22,23.053333282470703,22.079999923706055,22.286666870117188,22.959999084472656,4349850.0,21.015151977539062
2011-09-23,23.239999771118164,22.68666648864746,22.786666870117188,22.873332977294922,2031600.0,20.935819625854492
2011-09-26,23.546667098999023,22.946666717529297,23.206666946411133,23.5,2237700.0,21.5094051361084
2011-09-27,24.246667861938477,23.52666664123535,24.086666107177734,23.68666648864746,1879050.0,21.680261611938477
2011-09-28,23.860000610351562,23.03333282470703,23.793333053588867,23.03333282470703,1923000.0,21.082273483276367
2011-09-29,23.886667251586914,23.260000228881836,23.65333366394043,23.85333251953125,2268000.0,21.832809448242188
2011-09-30,23.719999313354492,23.226667404174805,23.406667709350586,23.239999771118164,1535550.0,21.271434783935547
2011-10-03,23.666667938232422,22.446666717529297,23.133333206176758,22.479999542236328,2421150.0,20.5758056640625
2011-10-04,23.18000030517578,21.96666717529297,22.406667709350586,23.113332748413086,3450000.0,21.155498504638672
2011-10-05,23.85333251953125,22.920000076293945,23.03333282470703,23.746667861938477,2173800.0,21.810667037963867
2011-10-06,24.479999542236328,23.293333053588867,23.67333221435547,24.3799991607666,2429700.0,22.39237403869629
2011-10-07,24.64666748046875,23.780000686645508,24.5,23.799999237060547,2408100.0,21.859655380249023
2011-10-10,24.98666763305664,24.34666633605957,24.413333892822266,24.97333335876465,1746750.0,22.93733024597168
2011-10-11,25.18000030517578,24.593332290649414,24.65999984741211,24.84666633605957,1372950.0,22.820987701416016
2011-10-12,25.64666748046875,25.00666618347168,25.14666748046875,25.366666793823242,1543200.0,23.29859733581543
2011-10-13,25.1200008392334,24.440000534057617,25.020000457763672,25.00666618347168,2231250.0,22.967941284179688
2011-10-14,25.760000228881836,25.106666564941406,25.420000076293945,25.666667938232422,1650750.0,23.574142456054688
2011-10-17,25.479999542236328,25.073333740234375,25.406667709350586,25.106666564941406,2062200.0,23.059799194335938
2011-10-18,26.14666748046875,24.81999969482422,25.226667404174805,25.979999542236328,2565450.0,23.861927032470703
2011-10-19,26.18666648864746,25.113332748413086,25.933332443237305,25.18666648864746,2520900.0,23.133268356323242
2011-10-20,26.0,25.133333206176758,25.19333267211914,25.920000076293945,1893600.0,23.806819915771484
2011-10-21,26.733333587646484,26.01333236694336,26.253332138061523,26.53333282470703,2416650.0,24.370149612426758
2011-10-24,27.040000915527344,26.03333282470703,26.03333282470703,26.906667709350586,1677900.0,24.713048934936523
2011-10-25,26.719999313354492,25.926666259765625,26.700000762939453,25.98666763305664,1633500.0,23.868045806884766
2011-10-26,26.739999771118164,25.799999237060547,26.440000534057617,26.53333282470703,2149050.0,24.370149612426758
2011-10-27,28.133333206176758,26.81333351135254,27.65999984741211,27.219999313354492,4157700.0,25.00083351135254
2011-10-28,27.773332595825195,26.99333381652832,27.126667022705078,27.713333129882812,2819550.0,25.453950881958008
2011-10-31,27.97333335876465,27.166667938232422,27.266666412353516,27.286666870117188,3804000.0,25.062068939208984
2011-11-01,27.106666564941406,26.053333282470703,26.266666412353516,26.31333351135254,4220700.0,24.1680850982666
2011-11-02,27.546667098999023,26.793333053588867,26.906667709350586,27.399999618530273,2329800.0,25.16615867614746
2011-11-03,27.760000228881836,27.02666664123535,27.639999389648438,27.67333221435547,2214000.0,25.417205810546875
2011-11-04,27.82666778564453,27.126667022705078,27.333332061767578,27.733333587646484,1917750.0,25.472314834594727
2011-11-07,28.18000030517578,27.540000915527344,27.64666748046875,28.139999389648438,2414400.0,25.8458251953125
2011-11-08,28.433332443237305,27.566667556762695,28.293333053588867,28.399999618530273,2657700.0,26.08463478088379
2011-11-09,27.906667709350586,27.266666412353516,27.6200008392334,27.31999969482422,2184600.0,25.092676162719727
2011-11-10,27.98666763305664,27.433332443237305,27.753332138061523,27.780000686645508,2156850.0,25.515174865722656
2011-11-11,28.559999465942383,28.01333236694336,28.18666648864746,28.226667404174805,1949250.0,25.92543601989746
2011-11-14,28.366666793823242,27.866666793823242,28.020000457763672,28.166667938232422,1823700.0,25.870319366455078
2011-11-15,28.69333267211914,27.926666259765625,28.00666618347168,28.459999084472656,1888350.0,26.13973617553711
2011-11-16,28.48666763305664,27.8799991607666,28.15333366394043,27.906667709350586,2220750.0,25.63152503967285
2011-11-17,28.239999771118164,27.566667556762695,27.906667709350586,27.706666946411133,2897400.0,25.447826385498047
2011-11-18,28.133333206176758,27.666667938232422,28.059999465942383,28.040000915527344,2194500.0,25.75398063659668
2011-11-21,27.739999771118164,27.206666946411133,27.65999984741211,27.559999465942383,1921050.0,25.313114166259766
2011-11-22,27.84666633605957,27.433332443237305,27.593332290649414,27.520000457763672,1805400.0,25.2763729095459
2011-11-23,27.200000762939453,26.459999084472656,27.200000762939453,26.53333282470703,2200800.0,24.370149612426758
2011-11-25,27.066667556762695,26.413333892822266,26.52666664123535,26.453332901000977,1121100.0,24.296674728393555
2011-11-28,27.5,27.03333282470703,27.273332595825195,27.299999237060547,1761150.0,25.074310302734375
2011-11-29,27.64666748046875,27.126667022705078,27.420000076293945,27.386667251586914,2038800.0,25.153911590576172
2011-11-30,28.5,27.85333251953125,28.35333251953125,28.393333435058594,3657450.0,26.078510284423828
2011-12-01,28.51333236694336,28.059999465942383,28.266666412353516,28.3799991607666,1986900.0,26.066259384155273
2011-12-02,29.066667556762695,28.333332061767578,28.713333129882812,28.413333892822266,1773000.0,26.09688377380371
2011-12-05,29.00666618347168,28.386667251586914,28.799999237060547,28.760000228881836,2048400.0,26.415281295776367
2011-12-06,29.34000015258789,28.64666748046875,28.799999237060547,29.15999984741211,1980450.0,26.782669067382812
2011-12-07,29.139999389648438,28.366666793823242,28.85333251953125,29.040000915527344,2079300.0,26.672462463378906
2011-12-08,28.786666870117188,28.15999984741211,28.746667861938477,28.213333129882812,1673850.0,25.913185119628906
2011-12-09,28.85333251953125,28.3799991607666,28.440000534057617,28.773332595825195,1251000.0,26.427528381347656
2011-12-12,28.833332061767578,28.30666732788086,28.373332977294922,28.666667938232422,2596050.0,26.329561233520508
2011-12-13,28.860000610351562,27.766666412353516,28.766666412353516,27.959999084472656,2201100.0,25.680503845214844
2011-12-14,28.35333251953125,27.793333053588867,27.8799991607666,28.200000762939453,2043450.0,25.900941848754883
2011-12-15,28.53333282470703,28.19333267211914,28.520000457763672,28.233333587646484,1334550.0,25.931550979614258
2011-12-16,28.47333335876465,27.80666732788086,28.433332443237305,28.093332290649414,2441850.0,25.80296516418457
2011-12-19,28.753332138061523,27.706666946411133,28.573333740234375,27.739999771118164,2347050.0,25.478439331054688
2011-12-20,28.47333335876465,28.01333236694336,28.18000030517578,28.30666732788086,4026750.0,25.998912811279297
2011-12-21,28.546667098999023,28.219999313354492,28.30666732788086,28.406667709350586,3116850.0,26.090757369995117
2011-12-22,28.80666732788086,28.48666763305664,28.586666107177734,28.666667938232422,1373250.0,26.329561233520508
2011-12-23,29.066667556762695,28.760000228881836,28.860000610351562,29.00666618347168,871650.0,26.641847610473633
2011-12-27,29.226667404174805,28.946666717529297,28.99333381652832,28.959999084472656,712800.0,26.598974227905273
2011-12-28,29.0,28.52666664123535,28.940000534057617,28.53333282470703,1152300.0,26.207096099853516
2011-12-29,29.273332595825195,28.633333206176758,28.746667861938477,29.113332748413086,1135050.0,26.73981285095215
2011-12-30,29.200000762939453,28.926666259765625,29.15333366394043,28.926666259765625,763200.0,26.568359375
2012-01-03,29.886667251586914,29.093332290649414,29.48666763305664,29.15999984741211,1912200.0,26.782669067382812
2012-01-04,29.100000381469727,28.68000030517578,29.059999465942383,28.96666717529297,1235400.0,26.678295135498047
2012-01-05,29.399999618530273,28.459999084472656,28.793333053588867,29.31999969482422,1914900.0,27.003707885742188
2012-01-06,29.386667251586914,28.940000534057617,29.333332061767578,28.97333335876465,1963650.0,26.68442726135254
2012-01-09,29.066667556762695,28.766666412353516,28.940000534057617,28.906667709350586,1013400.0,26.623027801513672
2012-01-10,29.399999618530273,29.093332290649414,29.286666870117188,29.260000228881836,1869300.0,26.948448181152344
2012-01-11,29.3799991607666,29.0,29.093332290649414,29.280000686645508,2394900.0,26.966873168945312
2012-01-12,29.413333892822266,29.126667022705078,29.34666633605957,29.406667709350586,1581300.0,27.083532333374023
2012-01-13,29.366666793823242,28.80666732788086,29.106666564941406,29.30666732788086,1135500.0,26.99142837524414
2012-01-17,29.700000762939453,29.206666946411133,29.386667251586914,29.273332595825195,1058700.0,26.96073341369629
2012-01-18,29.719999313354492,29.15333366394043,29.30666732788086,29.700000762939453,1563300.0,27.353689193725586
2012-01-19,29.98666763305664,29.5,29.666667938232422,29.920000076293945,2121150.0,27.55630874633789
2012-01-20,30.426666259765625,29.84000015258789,29.886667251586914,30.213333129882812,1992300.0,27.82646942138672
2012-01-23,30.626667022705078,30.219999313354492,30.226667404174805,30.32666778564453,1467450.0,27.930850982666016
2012-01-24,30.399999618530273,29.96666717529297,30.093332290649414,30.233333587646484,1631700.0,27.84488868713379
2012-01-25,30.366666793823242,29.959999084472656,30.126667022705078,30.34000015258789,1228650.0,27.943130493164062
2012-01-26,30.47333335876465,29.886667251586914,30.446666717529297,30.0,1822050.0,27.62999153137207
2012-01-27,30.726667404174805,29.81333351135254,29.85333251953125,30.5,1994250.0,28.090490341186523
2012-01-30,30.30666732788086,29.706666946411133,30.14666748046875,30.079999923706055,2002350.0,27.703670501708984
2012-01-31,30.52666664123535,30.17333221435547,30.19333267211914,30.446666717529297,1720650.0,28.04137420654297
2012-02-01,31.059999465942383,30.5,30.733333587646484,30.833332061767578,1964250.0,28.39748764038086
2012-02-02,31.226667404174805,30.68666648864746,30.899999618530273,31.15333366394043,1520400.0,28.692218780517578
2012-02-03,31.780000686645508,31.34000015258789,31.440000534057617,31.780000686645508,1263450.0,29.269372940063477
2012-02-06,31.666667938232422,31.213333129882812,31.606666564941406,31.573333740234375,1435200.0,29.07903480529785
2012-02-07,32.0,31.233333587646484,31.333332061767578,31.49333381652832,1423350.0,29.005352020263672
2012-02-08,31.719999313354492,31.213333129882812,31.453332901000977,31.440000534057617,1813050.0,28.956233978271484
2012-02-09,31.586666107177734,30.8799991607666,31.51333236694336,31.113332748413086,2088450.0,28.655364990234375
2012-02-10,31.540000915527344,30.84000015258789,30.899999618530273,31.46666717529297,1563600.0,28.980789184570312
2012-02-13,32.119998931884766,31.600000381469727,31.64666748046875,32.01333236694336,1889850.0,29.48427391052246
2012-02-14,32.11333465576172,31.68666648864746,31.85333251953125,32.06666564941406,1985100.0,29.53339385986328
2012-02-15,32.3466682434082,31.786666870117188,32.18000030517578,31.82666778564453,1920750.0,29.312347412109375
2012-02-16,32.46666717529297,31.753332138061523,31.82666778564453,32.439998626708984,1305000.0,29.877227783203125
2012-02-17,32.58000183105469,32.293331146240234,32.540000915527344,32.47999954223633,1419750.0,29.9140682220459
2012-02-21,32.926666259765625,32.459999084472656,32.61333465576172,32.72666549682617,1480650.0,30.141252517700195
2012-02-22,32.793331146240234,32.31999969482422,32.65999984741211,32.47999954223633,1152300.0,29.9140682220459
2012-02-23,32.58000183105469,32.31999969482422,32.439998626708984,32.52000045776367,851250.0,29.950916290283203
2012-02-24,32.766666412353516,32.33333206176758,32.58000183105469,32.53333282470703,749100.0,29.963184356689453
2012-02-27,32.540000915527344,31.97333335876465,32.43333435058594,32.40666580200195,1513200.0,29.846534729003906
2012-02-28,32.64666748046875,32.27333450317383,32.52000045776367,32.49333190917969,1126350.0,29.92635154724121
2012-02-29,32.79999923706055,32.266666412353516,32.599998474121094,32.293331146240234,1312950.0,29.74214744567871
2012-03-01,32.733333587646484,32.29999923706055,32.32666778564453,32.4466667175293,1341600.0,29.88336944580078
2012-03-02,32.61333465576172,32.313331604003906,32.38666534423828,32.37333297729492,780600.0,29.815828323364258
2012-03-05,32.81999969482422,32.253334045410156,32.28666687011719,32.793331146240234,1115250.0,30.202651977539062
2012-03-06,32.4466667175293,32.09333419799805,32.37333297729492,32.119998931884766,1307700.0,29.582504272460938
2012-03-07,32.2599983215332,32.03333282470703,32.133331298828125,32.20000076293945,857250.0,29.656185150146484
2012-03-08,32.56666564941406,32.119998931884766,32.426666259765625,32.33333206176758,919500.0,29.778989791870117
2012-03-09,32.66666793823242,32.2599983215332,32.29999923706055,32.51333236694336,757650.0,29.944772720336914
2012-03-12,32.599998474121094,32.313331604003906,32.599998474121094,32.380001068115234,1011000.0,29.82198143005371
2012-03-13,33.00666809082031,32.393333435058594,32.526668548583984,32.97999954223633,1500750.0,30.37456512451172
2012-03-14,33.20000076293945,32.79999923706055,32.926666259765625,33.060001373291016,1149900.0,30.448251724243164
2012-03-15,33.63999938964844,33.0,33.03333282470703,33.619998931884766,1318950.0,30.964004516601562
2012-03-16,34.0,33.439998626708984,33.779998779296875,33.70000076293945,2623650.0,31.03769874572754
2012-03-19,33.81999969482422,33.43333435058594,33.619998931884766,33.540000915527344,870750.0,30.890335083007812
2012-03-20,33.69333267211914,33.16666793823242,33.34000015258789,33.59333419799805,1022100.0,30.939455032348633
2012-03-21,33.79999923706055,33.33333206176758,33.69333267211914,33.38666534423828,874350.0,30.749113082885742
2012-03-22,33.246665954589844,32.87333297729492,33.186668395996094,32.95333480834961,880500.0,30.350008010864258
2012-03-23,33.13999938964844,32.83333206176758,32.96666717529297,33.040000915527344,930150.0,30.429832458496094
2012-03-26,33.7599983215332,33.266666412353516,33.266666412353516,33.66666793823242,1377300.0,31.006986618041992
2012-03-27,33.813331604003906,33.51333236694336,33.69333267211914,33.54666519165039,1050000.0,30.896469116210938
2012-03-28,33.599998474121094,33.19333267211914,33.51333236694336,33.48666763305664,918600.0,30.841215133666992
2012-03-29,33.30666732788086,32.8466682434082,33.2599983215332,33.09333419799805,1038600.0,30.47895622253418
2012-03-30,33.36000061035156,33.02000045776367,33.30666732788086,33.233333587646484,1502550.0,30.607892990112305
2012-04-02,33.69333267211914,33.086666107177734,33.186668395996094,33.473331451416016,1325700.0,30.828914642333984
2012-04-03,33.439998626708984,32.91999816894531,33.366668701171875,33.266666412353516,1025400.0,30.730403900146484
2012-04-04,32.97999954223633,32.7599983215332,32.900001525878906,32.80666732788086,1179300.0,30.305471420288086
2012-04-05,32.866668701171875,32.59333419799805,32.69333267211914,32.720001220703125,870150.0,30.225406646728516
2012-04-09,32.459999084472656,32.099998474121094,32.22666549682617,32.246665954589844,1360050.0,29.788158416748047
2012-04-10,32.2400016784668,31.866666793823242,32.16666793823242,31.98666763305664,1750500.0,29.547983169555664
2012-04-11,32.54666519165039,32.2599983215332,32.38666534423828,32.426666259765625,1191450.0,29.954435348510742
2012-04-12,32.880001068115234,32.27333450317383,32.426666259765625,32.85333251953125,1406700.0,30.34857177734375
2012-04-13,32.753334045410156,32.35333251953125,32.72666549682617,32.35333251953125,1020450.0,29.88669776916504
2012-04-16,32.6533317565918,32.220001220703125,32.58000183105469,32.50666809082031,1114050.0,30.028345108032227
2012-04-17,33.12666702270508,32.633331298828125,32.6533317565918,33.02000045776367,941400.0,30.50252914428711
2012-04-18,33.02000045776367,32.63999938964844,32.86000061035156,32.8466682434082,720600.0,30.342422485351562
2012-04-19,33.00666809082031,32.2400016784668,32.9466667175293,32.41999816894531,1353750.0,29.948278427124023
2012-04-20,32.80666732788086,32.393333435058594,32.50666809082031,32.41999816894531,762600.0,29.948278427124023
2012-04-23,32.2599983215332,31.933332443237305,32.06666564941406,32.206668853759766,877650.0,29.751211166381836
2012-04-24,32.6533317565918,32.133331298828125,32.253334045410156,32.59333419799805,920550.0,30.108396530151367
2012-04-25,32.43333435058594,31.35333251953125,31.940000534057617,32.026668548583984,3334200.0,29.584936141967773
2012-04-26,32.633331298828125,31.799999237060547,32.4466667175293,32.43333435058594,2197350.0,29.960596084594727
2012-04-27,32.83333206176758,32.49333190917969,32.58000183105469,32.72666549682617,2218650.0,30.231571197509766
2012-04-30,32.72666549682617,32.33333206176758,32.6533317565918,32.473331451416016,1728000.0,29.997549057006836
2012-05-01,33.14666748046875,32.48666763305664,32.48666763305664,32.62666702270508,1813200.0,30.139196395874023
2012-05-02,32.54666519165039,32.01333236694336,32.47999954223633,32.45333480834961,1418850.0,29.97907257080078
2012-05-03,32.50666809082031,32.09333419799805,32.38666534423828,32.18000030517578,1346700.0,29.726577758789062
2012-05-04,32.086666107177734,31.67333221435547,32.0,31.706666946411133,1213200.0,29.289325714111328
2012-05-07,32.00666809082031,31.579999923706055,31.586666107177734,31.906667709350586,1055250.0,29.474084854125977
2012-05-08,32.19333267211914,31.573333740234375,31.666667938232422,32.119998931884766,1813650.0,29.67115020751953
2012-05-09,32.08000183105469,31.593332290649414,31.793333053588867,31.739999771118164,1557150.0,29.32012367248535
2012-05-10,32.32666778564453,31.940000534057617,32.099998474121094,31.99333381652832,1414800.0,29.55414390563965
2012-05-11,32.31999969482422,31.586666107177734,31.700000762939453,32.13999938964844,1292400.0,29.689624786376953
2012-05-14,31.99333381652832,31.433332443237305,31.746667861938477,31.739999771118164,1606950.0,29.32012367248535
2012-05-15,31.746667861938477,31.280000686645508,31.719999313354492,31.32666778564453,866850.0,28.938308715820312
2012-05-16,31.573333740234375,30.899999618530273,31.53333282470703,30.899999618530273,1368300.0,28.544164657592773
2012-05-17,31.020000457763672,30.47333335876465,30.920000076293945,30.5,1292700.0,28.174663543701172
2012-05-18,30.84666633605957,30.253332138061523,30.65333366394043,30.333332061767578,1470450.0,28.020700454711914
2012-05-21,30.799999237060547,30.106666564941406,30.333332061767578,30.780000686645508,1295250.0,28.43331527709961
2012-05-22,31.079999923706055,30.6200008392334,30.793333053588867,30.85333251953125,1274700.0,28.50105857849121
2012-05-23,31.040000915527344,30.260000228881836,30.639999389648438,30.96666717529297,1587900.0,28.60575294494629
2012-05-24,31.3799991607666,30.67333221435547,30.82666778564453,31.3799991607666,1526550.0,28.987567901611328
2012-05-25,31.333332061767578,30.920000076293945,31.31999969482422,30.979999542236328,692700.0,28.618066787719727
2012-05-29,31.333332061767578,30.85333251953125,31.233333587646484,31.059999465942383,976950.0,28.691965103149414
2012-05-30,30.866666793823242,30.559999465942383,30.82666778564453,30.773332595825195,1221750.0,28.427154541015625
2012-05-31,31.34666633605957,30.53333282470703,30.81333351135254,31.106666564941406,1948800.0,28.735074996948242
2012-06-01,30.706666946411133,30.360000610351562,30.593332290649414,30.373332977294922,1487700.0,28.057641983032227
2012-06-04,30.579999923706055,30.079999923706055,30.413333892822266,30.19333267211914,1353150.0,27.89137840270996
2012-06-05,30.799999237060547,30.059999465942383,30.059999465942383,30.67333221435547,1148850.0,28.334781646728516
2012-06-06,31.453332901000977,30.753332138061523,30.886667251586914,31.453332901000977,1121850.0,29.055315017700195
2012-06-07,32.133331298828125,31.446666717529297,31.559999465942383,31.51333236694336,1118400.0,29.110742568969727
2012-06-08,31.666667938232422,31.219999313354492,31.34000015258789,31.666667938232422,925200.0,29.252378463745117
2012-06-11,32.0,31.52666664123535,31.959999084472656,31.559999465942383,1623000.0,29.153846740722656
2012-06-12,31.899999618530273,31.53333282470703,31.613332748413086,31.893333435058594,1622400.0,29.46176528930664
2012-06-13,32.00666809082031,31.46666717529297,31.799999237060547,31.546667098999023,899250.0,29.141525268554688
2012-06-14,32.13999938964844,31.6200008392334,31.6200008392334,31.98666763305664,870900.0,29.547983169555664
2012-06-15,32.28666687011719,31.953332901000977,32.17333221435547,32.21333312988281,1611300.0,29.757368087768555
2012-06-18,32.939998626708984,32.01333236694336,32.12666702270508,32.84000015258789,2011650.0,30.336257934570312
2012-06-19,33.393333435058594,32.96666717529297,33.00666809082031,33.21333312988281,1417650.0,30.681127548217773
2012-06-20,33.38666534423828,32.813331604003906,33.15999984741211,33.040000915527344,1108950.0,30.52100944519043
2012-06-21,33.246665954589844,32.38666534423828,33.13999938964844,32.4466667175293,1016100.0,29.97291374206543
2012-06-22,32.733333587646484,32.426666259765625,32.6533317565918,32.52000045776367,1142100.0,30.040653228759766
2012-06-25,32.313331604003906,31.893333435058594,32.21333312988281,32.220001220703125,935400.0,29.76352882385254
2012-06-26,32.560001373291016,32.106666564941406,32.266666412353516,32.426666259765625,891750.0,29.954435348510742
2012-06-27,33.040000915527344,32.30666732788086,32.526668548583984,32.93333435058594,1147050.0,30.42247200012207
2012-06-28,33.086666107177734,32.400001525878906,32.64666748046875,33.06666564941406,1102200.0,30.5456485748291
2012-06-29,33.85333251953125,33.37333297729492,33.79999923706055,33.70000076293945,1445100.0,31.130708694458008
2012-07-02,33.96666717529297,33.56666564941406,33.900001525878906,33.82666778564453,946500.0,31.247697830200195
2012-07-03,34.253334045410156,33.61333465576172,33.72666549682617,34.2400016784668,325800.0,31.723312377929688
2012-07-05,34.31999969482422,33.86000061035156,34.040000915527344,34.13999938964844,1064850.0,31.63065528869629
2012-07-06,34.03333282470703,33.64666748046875,33.82666778564453,33.926666259765625,664200.0,31.433008193969727
2012-07-09,33.97999954223633,33.686668395996094,33.91999816894531,33.866668701171875,822600.0,31.377412796020508
2012-07-10,34.22666549682617,33.65999984741211,34.0,33.779998779296875,573300.0,31.2971134185791
2012-07-11,34.15999984741211,33.686668395996094,33.86000061035156,34.04666519165039,674250.0,31.54418182373047
2012-07-12,33.98666763305664,33.58000183105469,33.8466682434082,33.82666778564453,694500.0,31.340351104736328
2012-07-13,34.599998474121094,33.93333435058594,33.959999084472656,34.599998474121094,577500.0,32.05683898925781
2012-07-16,34.65999984741211,34.266666412353516,34.59333419799805,34.32666778564453,724050.0,31.803600311279297
2012-07-17,34.4466667175293,33.9466667175293,34.4466667175293,34.38666534423828,988200.0,31.859180450439453
2012-07-18,34.64666748046875,34.2599983215332,34.266666412353516,34.586666107177734,943650.0,32.044490814208984
2012-07-19,34.66666793823242,34.35333251953125,34.619998931884766,34.38666534423828,870000.0,31.859180450439453
2012-07-20,34.33333206176758,34.06666564941406,34.15999984741211,34.12666702270508,923100.0,31.61829376220703
2012-07-23,34.06666564941406,33.50666809082031,33.733333587646484,33.880001068115234,664200.0,31.389760971069336
2012-07-24,33.926666259765625,33.439998626708984,33.926666259765625,33.61333465576172,1053900.0,31.142704010009766
2012-07-25,33.81999969482422,33.11333465576172,33.81999969482422,33.58000183105469,2086050.0,31.111812591552734
2012-07-26,33.66666793823242,32.1533317565918,33.66666793823242,32.733333587646484,3138600.0,30.327373504638672
2012-07-27,33.49333190917969,32.8466682434082,33.04666519165039,33.34000015258789,1576050.0,30.88945770263672
2012-07-30,33.49333190917969,33.22666549682617,33.293331146240234,33.36000061035156,934800.0,30.907991409301758
2012-07-31,33.619998931884766,33.06666564941406,33.380001068115234,33.16666793823242,954300.0,30.728864669799805
2012-08-01,33.48666763305664,32.93333435058594,33.22666549682617,33.099998474121094,1002000.0,30.667085647583008
2012-08-02,33.9466667175293,32.900001525878906,32.926666259765625,33.59333419799805,1682700.0,31.124164581298828
2012-08-03,34.51333236694336,33.9466667175293,34.04666519165039,34.2400016784668,1632750.0,31.723312377929688
2012-08-06,34.53333282470703,34.233333587646484,34.30666732788086,34.246665954589844,645600.0,31.729473114013672
2012-08-07,34.51333236694336,34.20000076293945,34.37333297729492,34.246665954589844,882600.0,31.729473114013672
2012-08-08,34.15999984741211,33.69333267211914,34.073333740234375,33.80666732788086,1909050.0,31.321821212768555
2012-08-09,33.87333297729492,33.099998474121094,33.720001220703125,33.20000076293945,1943250.0,30.759740829467773
2012-08-10,33.61333465576172,32.93333435058594,33.15999984741211,33.540000915527344,1486050.0,31.074748992919922
2012-08-13,33.706668853759766,33.27333450317383,33.45333480834961,33.6533317565918,1250700.0,31.17975616455078
2012-08-14,33.91999816894531,33.46666717529297,33.779998779296875,33.54666519165039,714150.0,31.080923080444336
2012-08-15,33.72666549682617,33.473331451416016,33.540000915527344,33.686668395996094,645450.0,31.21064567565918
2012-08-16,34.0,33.52000045776367,33.66666793823242,33.939998626708984,570300.0,31.445354461669922
2012-08-17,34.09333419799805,33.81999969482422,33.85333251953125,34.073333740234375,563550.0,31.568893432617188
2012-08-20,34.12666702270508,33.87333297729492,33.99333190917969,34.04666519165039,667950.0,31.54418182373047
2012-08-21,34.27333450317383,33.7400016784668,34.220001220703125,33.766666412353516,943050.0,31.28476333618164
2012-08-22,33.866668701171875,33.43333435058594,33.6533317565918,33.71333312988281,969150.0,31.235342025756836
2012-08-23,33.7599983215332,33.4466667175293,33.633331298828125,33.64666748046875,849750.0,31.1735782623291
2012-08-24,34.026668548583984,33.473331451416016,33.560001373291016,33.959999084472656,930450.0,31.463884353637695
2012-08-27,34.17333221435547,33.97999954223633,34.0533332824707,34.08000183105469,777150.0,31.575077056884766
2012-08-28,34.206668853759766,33.83333206176758,33.9466667175293,33.98666763305664,816450.0,31.48859214782715
2012-08-29,34.17333221435547,33.96666717529297,34.03333282470703,34.06666564941406,910650.0,31.562711715698242
2012-08-30,34.04666519165039,33.866668701171875,33.973331451416016,33.88666534423828,824850.0,31.395938873291016
2012-08-31,34.45333480834961,33.9466667175293,34.08000183105469,34.119998931884766,908700.0,31.612119674682617
2012-09-04,34.4466667175293,34.060001373291016,34.119998931884766,34.34000015258789,888450.0,31.815948486328125
2012-09-05,34.53333282470703,34.253334045410156,34.45333480834961,34.380001068115234,897000.0,31.853010177612305
2012-09-06,34.779998779296875,34.41999816894531,34.48666763305664,34.7599983215332,816450.0,32.205074310302734
2012-09-07,34.96666717529297,34.68000030517578,34.893333435058594,34.8466682434082,727950.0,32.285377502441406
2012-09-10,34.85333251953125,34.59333419799805,34.779998779296875,34.59333419799805,799200.0,32.05066680908203
2012-09-11,34.900001525878906,34.439998626708984,34.540000915527344,34.893333435058594,800850.0,32.32861328125
2012-09-12,35.12666702270508,34.633331298828125,34.99333190917969,34.793331146240234,621900.0,32.2359619140625
2012-09-13,35.119998931884766,34.619998931884766,34.686668395996094,35.04666519165039,974850.0,32.4706916809082
2012-09-14,35.43333435058594,34.96666717529297,35.09333419799805,35.17333221435547,771000.0,32.58803176879883
2012-09-17,35.17333221435547,34.746665954589844,35.106666564941406,34.82666778564453,502650.0,32.26685333251953
2012-09-18,35.12666702270508,34.45333480834961,34.45333480834961,34.72666549682617,773100.0,32.174198150634766
2012-09-19,34.91999816894531,34.686668395996094,34.779998779296875,34.753334045410156,557250.0,32.19889831542969
2012-09-20,34.83333206176758,34.51333236694336,34.540000915527344,34.81999969482422,924600.0,32.260677337646484
2012-09-21,35.30666732788086,34.19333267211914,35.15999984741211,34.61333465576172,1541100.0,32.06920623779297
2012-09-24,34.79999923706055,34.40666580200195,34.540000915527344,34.6533317565918,459750.0,32.106258392333984
2012-09-25,34.85333251953125,34.20000076293945,34.70000076293945,34.206668853759766,695250.0,31.69242286682129
2012-09-26,34.19333267211914,33.80666732788086,34.15999984741211,33.880001068115234,834900.0,31.389760971069336
2012-09-27,34.233333587646484,33.82666778564453,34.099998474121094,34.099998474121094,639900.0,31.593597412109375
2012-09-28,34.27333450317383,33.84000015258789,34.0,34.233333587646484,1097850.0,31.71712875366211
2012-10-01,34.5,34.08000183105469,34.293331146240234,34.206668853759766,863550.0,31.69242286682129
2012-10-02,34.439998626708984,33.7400016784668,34.28666687011719,34.02000045776367,698700.0,31.519468307495117
2012-10-03,34.13999938964844,33.900001525878906,33.939998626708984,34.02000045776367,706950.0,31.612390518188477
2012-10-04,34.49333190917969,34.04666519165039,34.19333267211914,34.459999084472656,472800.0,32.02125930786133
2012-10-05,34.84000015258789,34.473331451416016,34.65999984741211,34.619998931884766,501450.0,32.16993713378906
2012-10-08,34.586666107177734,34.393333435058594,34.53333282470703,34.5,231150.0,32.058433532714844
2012-10-09,34.48666763305664,34.03333282470703,34.400001525878906,34.060001373291016,451200.0,31.64956283569336
2012-10-10,34.060001373291016,33.7599983215332,34.026668548583984,33.913333892822266,919200.0,31.513273239135742
2012-10-11,34.38666534423828,33.99333190917969,34.11333465576172,34.14666748046875,543600.0,31.7301082611084
2012-10-12,34.426666259765625,33.77333450317383,34.133331298828125,33.8466682434082,544950.0,31.45133399963379
2012-10-15,34.02000045776367,33.67333221435547,34.02000045776367,33.83333206176758,1021350.0,31.43894386291504
2012-10-16,34.366668701171875,33.866668701171875,33.973331451416016,34.2599983215332,1504500.0,31.83541488647461
2012-10-17,34.8466682434082,34.32666778564453,34.439998626708984,34.72666549682617,668100.0,32.26905059814453
2012-10-18,34.90666580200195,34.606666564941406,34.779998779296875,34.62666702270508,1014450.0,32.1761360168457
2012-10-19,34.63999938964844,33.939998626708984,34.599998474121094,34.06666564941406,922050.0,31.655763626098633
2012-10-22,34.2400016784668,33.08000183105469,34.00666809082031,34.12666702270508,1212450.0,31.711509704589844
2012-10-23,34.01333236694336,33.61333465576172,33.706668853759766,33.893333435058594,660900.0,31.49469757080078
2012-10-24,34.253334045410156,33.79999923706055,33.91999816894531,33.99333190917969,763050.0,31.587623596191406
2012-10-25,34.04666519165039,33.2599983215332,33.99333190917969,33.4466667175293,2052600.0,31.07965087890625
2012-10-26,33.746665954589844,33.413333892822266,33.48666763305664,33.63999938964844,1127400.0,31.2592830657959
2012-10-31,33.7400016784668,33.393333435058594,33.526668548583984,33.72666549682617,752700.0,31.33982276916504
2012-11-01,34.026668548583984,33.33333206176758,33.79999923706055,34.0,1012500.0,31.593807220458984
2012-11-02,34.33333206176758,33.66666793823242,34.02000045776367,33.706668853759766,839700.0,31.321237564086914
2012-11-05,33.85333251953125,33.33333206176758,33.48666763305664,33.7599983215332,538950.0,31.37080192565918
2012-11-06,34.16666793823242,33.766666412353516,33.766666412353516,33.866668701171875,1019250.0,31.469921112060547
2012-11-07,33.67333221435547,33.099998474121094,33.573333740234375,33.21333312988281,1405650.0,30.862817764282227
2012-11-08,33.4466667175293,33.119998931884766,33.119998931884766,33.18000030517578,1261200.0,30.831838607788086
2012-11-09,33.64666748046875,33.03333282470703,33.073333740234375,33.47999954223633,1353600.0,31.110614776611328
2012-11-12,33.633331298828125,33.32666778564453,33.50666809082031,33.37333297729492,1213050.0,31.011497497558594
2012-11-13,33.733333587646484,33.1533317565918,33.2599983215332,33.34000015258789,1071300.0,30.98052406311035
2012-11-14,33.573333740234375,32.80666732788086,33.393333435058594,33.03333282470703,1562400.0,30.695560455322266
2012-11-15,33.393333435058594,32.87333297729492,33.086666107177734,33.220001220703125,1078500.0,30.86901092529297
2012-11-16,33.65999984741211,32.733333587646484,33.16666793823242,33.64666748046875,4140600.0,31.265485763549805
2012-11-19,34.060001373291016,33.779998779296875,33.9466667175293,33.9466667175293,744000.0,31.544254302978516
2012-11-20,34.106666564941406,33.78666687011719,33.86000061035156,34.106666564941406,525150.0,31.692935943603516
2012-11-21,34.20000076293945,33.96666717529297,34.20000076293945,34.1533317565918,431250.0,31.73630142211914
2012-11-23,34.560001373291016,34.06666564941406,34.33333206176758,34.560001373291016,426900.0,32.11417007446289
2012-11-26,34.473331451416016,34.19333267211914,34.29999923706055,34.46666717529297,656400.0,32.02744674682617
2012-11-27,34.560001373291016,34.266666412353516,34.413333892822266,34.38666534423828,951750.0,31.953107833862305
2012-11-28,34.52000045776367,34.1533317565918,34.27333450317383,34.51333236694336,893100.0,32.0708122253418
2012-11-29,34.686668395996094,34.413333892822266,34.62666702270508,34.599998474121094,771150.0,32.15135192871094
2012-11-30,34.71333312988281,34.47999954223633,34.63999938964844,34.65999984741211,1314600.0,32.20710372924805
2012-12-03,34.77333450317383,34.46666717529297,34.63999938964844,34.540000915527344,1008150.0,32.0955924987793
2012-12-04,34.63999938964844,34.400001525878906,34.61333465576172,34.4466667175293,956250.0,32.008872985839844
2012-12-05,34.70000076293945,34.253334045410156,34.52000045776367,34.54666519165039,935250.0,32.101783752441406
2012-12-06,34.59333419799805,34.0533332824707,34.56666564941406,34.41999816894531,1350000.0,31.984092712402344
2012-12-07,34.65999984741211,34.32666778564453,34.526668548583984,34.51333236694336,673500.0,32.0708122253418
2012-12-10,34.82666778564453,34.366668701171875,34.439998626708984,34.7400016784668,874950.0,32.28144073486328
2012-12-11,34.86000061035156,34.606666564941406,34.83333206176758,34.66666793823242,602550.0,32.21330642700195
2012-12-12,35.133331298828125,34.65999984741211,34.766666412353516,34.72666549682617,624000.0,32.26905059814453
2012-12-13,34.77333450317383,34.06666564941406,34.686668395996094,34.09333419799805,1064700.0,31.6805362701416
2012-12-14,34.119998931884766,33.68000030517578,34.08000183105469,33.720001220703125,775950.0,31.333635330200195
2012-12-17,34.54666519165039,33.8466682434082,33.8466682434082,34.540000915527344,1316850.0,32.0955924987793
2012-12-18,34.58000183105469,34.253334045410156,34.573333740234375,34.573333740234375,1311300.0,32.12657928466797
2012-12-19,34.99333190917969,34.560001373291016,34.66666793823242,34.58000183105469,1528200.0,32.13277053833008
2012-12-20,35.31999969482422,34.586666107177734,34.599998474121094,35.313331604003906,1118400.0,32.81420135498047
2012-12-21,35.060001373291016,34.526668548583984,34.959999084472656,34.7400016784668,1186200.0,32.28144073486328
2012-12-24,34.97999954223633,34.50666809082031,34.7400016784668,34.733333587646484,502500.0,32.27525329589844
2012-12-26,34.79999923706055,34.27333450317383,34.79999923706055,34.400001525878906,553500.0,31.96550178527832
2012-12-27,34.459999084472656,33.78666687011719,34.439998626708984,34.09333419799805,920100.0,31.6805362701416
2012-12-28,34.20000076293945,33.813331604003906,33.90666580200195,33.973331451416016,756450.0,31.569032669067383
2012-12-31,34.4466667175293,33.733333587646484,33.98666763305664,34.4466667175293,787800.0,32.008872985839844
2013-01-02,35.040000915527344,34.41999816894531,34.93333435058594,35.03333282470703,705300.0,32.64879608154297
2013-01-03,35.426666259765625,34.88666534423828,35.01333236694336,35.41999816894531,1110900.0,33.00914764404297
2013-01-04,35.793331146240234,35.38666534423828,35.38666534423828,35.63999938964844,833550.0,33.21417999267578
2013-01-07,35.71333312988281,35.2400016784668,35.413333892822266,35.686668395996094,667500.0,33.25765609741211
2013-01-08,35.59333419799805,35.246665954589844,35.526668548583984,35.366668701171875,1071450.0,32.959434509277344
2013-01-09,35.65999984741211,35.31999969482422,35.34000015258789,35.35333251953125,1060200.0,32.9470329284668
2013-01-10,35.599998474121094,34.78666687011719,34.78666687011719,35.49333190917969,1386000.0,33.077484130859375
2013-01-11,35.686668395996094,35.2599983215332,35.62666702270508,35.633331298828125,883350.0,33.20795440673828
2013-01-14,35.813331604003906,35.43333435058594,35.64666748046875,35.68000030517578,857850.0,33.251441955566406
2013-01-15,35.6533317565918,35.366668701171875,35.5,35.62666702270508,565800.0,33.20173645019531
2013-01-16,35.753334045410156,35.3466682434082,35.52000045776367,35.71333312988281,668550.0,33.28251647949219
2013-01-17,36.02000045776367,35.706668853759766,35.766666412353516,35.7400016784668,804300.0,33.30736541748047
2013-01-18,35.880001068115234,35.54666519165039,35.80666732788086,35.84000015258789,591600.0,33.400569915771484
2013-01-22,36.293331146240234,35.753334045410156,35.84000015258789,36.28666687011719,736650.0,33.81682205200195
2013-01-23,36.32666778564453,36.06666564941406,36.16666793823242,36.293331146240234,518100.0,33.82304000854492
2013-01-24,37.18000030517578,36.560001373291016,36.560001373291016,37.00666809082031,1318650.0,34.487815856933594
2013-01-25,37.40666580200195,36.71333312988281,37.220001220703125,37.31999969482422,1442400.0,34.779823303222656
2013-01-28,37.34000015258789,36.90666580200195,37.31999969482422,37.099998474121094,1244850.0,34.574798583984375
2013-01-29,37.17333221435547,36.9466667175293,37.099998474121094,37.106666564941406,1117350.0,34.58100891113281
2013-01-30,37.133331298828125,36.8466682434082,37.06666564941406,37.0533332824707,597600.0,34.531307220458984
2013-01-31,37.17333221435547,36.83333206176758,37.0533332824707,37.13999938964844,1011900.0,34.61207962036133
2013-02-01,37.619998931884766,37.29999923706055,37.50666809082031,37.3466682434082,940650.0,34.80467987060547
2013-02-04,37.29999923706055,36.893333435058594,37.106666564941406,36.91999816894531,774150.0,34.40704345703125
2013-02-05,37.14666748046875,36.33333206176758,36.6533317565918,36.686668395996094,1632600.0,34.18959426879883
2013-02-06,37.2400016784668,36.50666809082031,36.540000915527344,37.186668395996094,1154250.0,34.65557098388672
2013-02-07,37.35333251953125,36.70000076293945,37.2599983215332,36.98666763305664,1112100.0,34.46918487548828
2013-02-08,37.133331298828125,36.87333297729492,36.959999084472656,37.03333282470703,537600.0,34.51266860961914
2013-02-11,37.233333587646484,36.880001068115234,37.0533332824707,37.21333312988281,538200.0,34.68042755126953
2013-02-12,37.35333251953125,37.099998474121094,37.220001220703125,37.33333206176758,594900.0,34.79225540161133
2013-02-13,37.50666809082031,37.22666549682617,37.313331604003906,37.41999816894531,630600.0,34.87301254272461
2013-02-14,37.35333251953125,37.02000045776367,37.27333450317383,37.31999969482422,625350.0,34.779823303222656
2013-02-15,37.61333465576172,37.220001220703125,37.51333236694336,37.473331451416016,914550.0,34.9227180480957
2013-02-19,37.91999816894531,37.29999923706055,37.706668853759766,37.81999969482422,973950.0,35.24578857421875
2013-02-20,37.81999969482422,37.233333587646484,37.78666687011719,37.279998779296875,886200.0,34.7425537109375
2013-02-21,37.33333206176758,36.97999954223633,37.21333312988281,37.133331298828125,707550.0,34.605857849121094
2013-02-22,37.41999816894531,37.073333740234375,37.33333206176758,37.41999816894531,798300.0,34.87301254272461
2013-02-25,37.599998474121094,36.65999984741211,37.54666519165039,36.66666793823242,1157400.0,34.17095947265625
2013-02-26,37.073333740234375,36.58000183105469,36.8466682434082,36.880001068115234,763950.0,34.36977005004883
2013-02-27,37.45333480834961,36.8466682434082,36.8466682434082,37.400001525878906,642150.0,34.854373931884766
2013-02-28,37.65999984741211,37.16666793823242,37.34000015258789,37.459999084472656,1164000.0,34.91028594970703
2013-03-01,37.633331298828125,36.91999816894531,37.206668853759766,37.53333282470703,850350.0,34.97862243652344
2013-03-04,37.81999969482422,37.266666412353516,37.380001068115234,37.81999969482422,513750.0,35.24578857421875
2013-03-05,38.38666534423828,37.99333190917969,38.00666809082031,38.27333450317383,861900.0,35.66826629638672
2013-03-06,38.62666702270508,38.32666778564453,38.400001525878906,38.5533332824707,624300.0,35.92921447753906
2013-03-07,38.753334045410156,38.41999816894531,38.573333740234375,38.633331298828125,738600.0,36.003761291503906
2013-03-08,39.106666564941406,38.70000076293945,38.83333206176758,38.900001525878906,789000.0,36.252288818359375
2013-03-11,39.19333267211914,38.746665954589844,38.78666687011719,39.186668395996094,634500.0,36.519432067871094
2013-03-12,39.253334045410156,39.060001373291016,39.19333267211914,39.18000030517578,530550.0,36.51322937011719
2013-03-13,39.61333465576172,39.13999938964844,39.19333267211914,39.59333419799805,618900.0,36.898414611816406
2013-03-14,39.83333206176758,39.51333236694336,39.69333267211914,39.753334045410156,1161750.0,37.04752731323242
2013-03-15,39.793331146240234,39.313331604003906,39.62666702270508,39.573333740234375,1102650.0,36.879791259765625
2013-03-18,39.49333190917969,39.026668548583984,39.13999938964844,39.106666564941406,724050.0,36.44489288330078
2013-03-19,39.37333297729492,38.93333435058594,39.20000076293945,39.1533317565918,415800.0,36.48836135864258
2013-03-20,39.7599983215332,39.27333450317383,39.380001068115234,39.4466667175293,801150.0,36.76174545288086
2013-03-21,39.439998626708984,39.08000183105469,39.2400016784668,39.279998779296875,527250.0,36.60641860961914
2013-03-22,39.526668548583984,39.2400016784668,39.380001068115234,39.526668548583984,478350.0,36.83629608154297
2013-03-25,39.69333267211914,39.21333312988281,39.64666748046875,39.45333480834961,450150.0,36.76795959472656
2013-03-26,39.64666748046875,39.380001068115234,39.64666748046875,39.54666519165039,602100.0,36.85493087768555
2013-03-27,39.599998474121094,39.2400016784668,39.30666732788086,39.560001373291016,644550.0,36.86735916137695
2013-03-28,39.90666580200195,39.49333190917969,39.49333190917969,39.866668701171875,1093050.0,37.15315246582031
2013-04-01,39.97999954223633,39.41999816894531,39.88666534423828,39.63999938964844,580050.0,36.94190979003906
2013-04-02,39.926666259765625,39.540000915527344,39.77333450317383,39.746665954589844,807450.0,37.04130935668945
2013-04-03,39.6533317565918,38.77333450317383,39.6533317565918,38.88666534423828,1053150.0,36.343475341796875
2013-04-04,39.3466682434082,38.926666259765625,39.00666809082031,39.313331604003906,860100.0,36.742252349853516
2013-04-05,38.86000061035156,38.459999084472656,38.80666732788086,38.7599983215332,847350.0,36.225093841552734
2013-04-08,38.91999816894531,38.473331451416016,38.78666687011719,38.913333892822266,780450.0,36.36842346191406
2013-04-09,39.11333465576172,38.793331146240234,39.0,38.90666580200195,784200.0,36.362186431884766
2013-04-10,40.00666809082031,38.82666778564453,39.09333419799805,39.98666763305664,1174650.0,37.37155532836914
2013-04-11,40.02000045776367,39.720001220703125,39.973331451416016,39.88666534423828,716850.0,37.2780876159668
2013-04-12,39.79999923706055,39.586666107177734,39.70000076293945,39.746665954589844,610500.0,37.14723587036133
2013-04-15,39.720001220703125,38.82666778564453,39.68000030517578,38.82666778564453,712200.0,36.28742599487305
2013-04-16,39.68000030517578,39.0533332824707,39.060001373291016,39.633331298828125,763650.0,37.04131317138672
2013-04-17,39.49333190917969,38.900001525878906,39.380001068115234,39.026668548583984,777600.0,36.474327087402344
2013-04-18,39.2599983215332,38.78666687011719,39.086666107177734,39.11333465576172,1164900.0,36.555328369140625
2013-04-19,39.5533332824707,39.026668548583984,39.19333267211914,39.53333282470703,681750.0,36.947853088378906
2013-04-22,39.62666702270508,39.040000915527344,39.5533332824707,39.5,541050.0,36.91670227050781
2013-04-23,40.186668395996094,39.426666259765625,39.573333740234375,40.073333740234375,764550.0,37.45253372192383
2013-04-24,40.71333312988281,39.813331604003906,40.28666687011719,40.4466667175293,890250.0,37.80146789550781
2013-04-25,41.15999984741211,40.29999923706055,40.619998931884766,40.9466667175293,1007100.0,38.268760681152344
2013-04-26,41.119998931884766,40.633331298828125,40.96666717529297,40.87333297729492,590850.0,38.200225830078125
2013-04-29,41.31999969482422,40.753334045410156,40.93333435058594,41.266666412353516,543750.0,38.56782913208008
2013-04-30,41.52000045776367,41.02000045776367,41.1533317565918,41.380001068115234,944550.0,38.67375183105469
2013-05-01,41.43333435058594,40.82666778564453,40.82666778564453,40.87333297729492,689250.0,38.200225830078125
2013-05-02,41.5,40.56666564941406,41.040000915527344,41.48666763305664,675150.0,38.77344512939453
2013-05-03,42.00666809082031,41.706668853759766,41.93333435058594,41.753334045410156,859800.0,39.02267074584961
2013-05-06,42.106666564941406,41.71333312988281,41.733333587646484,42.0,518550.0,39.253211975097656
2013-05-07,42.37333297729492,41.959999084472656,41.99333190917969,42.35333251953125,620100.0,39.583438873291016
2013-05-08,42.79999923706055,42.27333450317383,42.28666687011719,42.79999923706055,1023900.0,40.00088882446289
2013-05-09,42.85333251953125,42.526668548583984,42.80666732788086,42.71333312988281,870900.0,39.919883728027344
2013-05-10,42.83333206176758,42.47999954223633,42.720001220703125,42.79999923706055,659700.0,40.00088882446289
2013-05-13,42.893333435058594,42.52000045776367,42.706668853759766,42.78666687011719,532500.0,39.98843002319336
2013-05-14,43.2599983215332,42.59333419799805,42.766666412353516,43.2599983215332,1104000.0,40.430789947509766
2013-05-15,43.65999984741211,43.026668548583984,43.18000030517578,43.58000183105469,712650.0,40.7298698425293
2013-05-16,43.50666809082031,42.93333435058594,43.473331451416016,43.040000915527344,862500.0,40.22517776489258
2013-05-17,43.413333892822266,43.119998931884766,43.119998931884766,43.2400016784668,1062450.0,40.412109375
2013-05-20,43.4466667175293,42.98666763305664,43.15999984741211,43.4466667175293,688200.0,40.605255126953125
2013-05-21,43.5533332824707,43.20000076293945,43.439998626708984,43.4466667175293,678750.0,40.605255126953125
2013-05-22,43.686668395996094,42.813331604003906,43.233333587646484,42.959999084472656,1000500.0,40.15042495727539
2013-05-23,43.026668548583984,42.37333297729492,42.46666717529297,42.893333435058594,806550.0,40.08811950683594
2013-05-24,42.87333297729492,42.28666687011719,42.70000076293945,42.84000015258789,356850.0,40.03826904296875
2013-05-28,43.586666107177734,42.913333892822266,43.246665954589844,43.119998931884766,896550.0,40.29995346069336
2013-05-29,43.246665954589844,42.706668853759766,42.87333297729492,43.060001373291016,568950.0,40.243873596191406
2013-05-30,43.7599983215332,43.073333740234375,43.09333419799805,43.59333419799805,627900.0,40.74233627319336
2013-05-31,43.82666778564453,43.00666809082031,43.473331451416016,43.00666809082031,853500.0,40.19404220581055
2013-06-03,43.0,42.09333419799805,42.939998626708984,42.82666778564453,937650.0,40.02581787109375
2013-06-04,43.099998474121094,41.83333206176758,42.82666778564453,42.18000030517578,1371300.0,39.42143249511719
2013-06-05,42.16666793823242,41.686668395996094,42.02000045776367,41.83333206176758,880800.0,39.097434997558594
2013-06-06,42.63999938964844,41.67333221435547,41.8466682434082,42.63999938964844,789300.0,39.85134506225586
2013-06-07,43.33333206176758,42.67333221435547,42.91999816894531,43.30666732788086,579450.0,40.47441482543945
2013-06-10,43.560001373291016,43.279998779296875,43.36000061035156,43.40666580200195,584700.0,40.56787872314453
2013-06-11,43.35333251953125,42.29999923706055,42.29999923706055,42.913333892822266,565650.0,40.106807708740234
2013-06-12,43.606666564941406,42.913333892822266,43.119998931884766,43.0,1072800.0,40.18779754638672
2013-06-13,43.62666702270508,42.79999923706055,43.026668548583984,43.526668548583984,585750.0,40.68003845214844
2013-06-14,43.50666809082031,42.8466682434082,43.49333190917969,43.106666564941406,498450.0,40.28749084472656
2013-06-17,43.706668853759766,43.35333251953125,43.38666534423828,43.59333419799805,732900.0,40.74233627319336
2013-06-18,43.599998474121094,43.13999938964844,43.59333419799805,43.51333236694336,770100.0,40.66756820678711
2013-06-19,43.91999816894531,43.20000076293945,43.5533332824707,43.20000076293945,557550.0,40.374732971191406
2013-06-20,43.473331451416016,42.733333587646484,42.913333892822266,43.086666107177734,906000.0,40.26880645751953
2013-06-21,43.426666259765625,42.81999969482422,43.426666259765625,43.03333282470703,791700.0,40.218963623046875
2013-06-24,42.79999923706055,42.2599983215332,42.63999938964844,42.560001373291016,629400.0,39.77657699584961
2013-06-25,43.19333267211914,42.46666717529297,42.93333435058594,43.06666564941406,557850.0,40.250099182128906
2013-06-26,43.53333282470703,43.04666519165039,43.3466682434082,43.36000061035156,320100.0,40.524261474609375
2013-06-27,43.88666534423828,43.43333435058594,43.61333465576172,43.813331604003906,521400.0,40.947940826416016
2013-06-28,43.69333267211914,43.18000030517578,43.35333251953125,43.426666259765625,812700.0,40.586551666259766
2013-07-01,44.0,43.633331298828125,43.6533317565918,43.88666534423828,705000.0,41.0164794921875
2013-07-02,44.073333740234375,43.64666748046875,43.78666687011719,43.959999084472656,693450.0,41.19139862060547
2013-07-03,44.17333221435547,43.720001220703125,43.733333587646484,43.88666534423828,337200.0,41.1226692199707
2013-07-05,44.72666549682617,44.20000076293945,44.266666412353516,44.720001220703125,626250.0,41.903533935546875
2013-07-08,45.32666778564453,44.93333435058594,44.96666717529297,45.09333419799805,591750.0,42.253360748291016
2013-07-09,45.61333465576172,45.30666732788086,45.400001525878906,45.37333297729492,817200.0,42.515708923339844
2013-07-10,45.83333206176758,45.20000076293945,45.233333587646484,45.720001220703125,569400.0,42.8405647277832
2013-07-11,46.32666778564453,45.72666549682617,46.2599983215332,45.91999816894531,822750.0,43.027950286865234
2013-07-12,46.186668395996094,45.38666534423828,45.38666534423828,46.15999984741211,877200.0,43.252845764160156
2013-07-15,46.36000061035156,46.02000045776367,46.2599983215332,46.18000030517578,372600.0,43.27157211303711
2013-07-16,46.473331451416016,45.80666732788086,46.253334045410156,45.86000061035156,554400.0,42.971736907958984
2013-07-17,46.18000030517578,45.619998931884766,45.913333892822266,45.79999923706055,684000.0,42.9155158996582
2013-07-18,46.41999816894531,45.866668701171875,45.97999954223633,46.35333251953125,414450.0,43.43398666381836
2013-07-19,46.91999816894531,45.96666717529297,46.91999816894531,46.366668701171875,475050.0,43.44649124145508
2013-07-22,47.0533332824707,46.33333206176758,46.366668701171875,47.0533332824707,513450.0,44.08991241455078
2013-07-23,47.13999938964844,46.77333450317383,47.106666564941406,46.893333435058594,530850.0,43.93998718261719
2013-07-24,47.073333740234375,46.45333480834961,47.01333236694336,46.50666809082031,475650.0,43.57766342163086
2013-07-25,47.19333267211914,46.29999923706055,46.766666412353516,47.08000183105469,698100.0,44.11491012573242
2013-07-26,46.93333435058594,46.48666763305664,46.72666549682617,46.893333435058594,756300.0,43.93998718261719
2013-07-29,47.0,46.686668395996094,46.880001068115234,46.900001525878906,682500.0,43.94624328613281
2013-07-30,47.31999969482422,46.98666763305664,47.133331298828125,47.14666748046875,588300.0,44.177371978759766
2013-07-31,47.82666778564453,47.09333419799805,47.30666732788086,47.38666534423828,760050.0,44.40224838256836
2013-08-01,48.72666549682617,47.69333267211914,47.83333206176758,48.62666702270508,764100.0,45.56416320800781
2013-08-02,48.49333190917969,47.959999084472656,48.43333435058594,48.266666412353516,466950.0,45.22682571411133
2013-08-05,48.30666732788086,47.58000183105469,48.266666412353516,47.753334045410156,591750.0,44.745826721191406
2013-08-06,47.746665954589844,47.06666564941406,47.746665954589844,47.393333435058594,682950.0,44.40849304199219
2013-08-07,47.380001068115234,46.913333892822266,47.293331146240234,47.220001220703125,383250.0,44.24608612060547
2013-08-08,47.779998779296875,47.106666564941406,47.5,47.439998626708984,344100.0,44.45222854614258
2013-08-09,47.606666564941406,47.18000030517578,47.400001525878906,47.439998626708984,442200.0,44.45222854614258
2013-08-12,47.526668548583984,47.18000030517578,47.27333450317383,47.426666259765625,452700.0,44.43973159790039
2013-08-13,47.78666687011719,47.28666687011719,47.51333236694336,47.68000030517578,420750.0,44.67709732055664
2013-08-14,47.706668853759766,47.30666732788086,47.58000183105469,47.43333435058594,272850.0,44.44598388671875
2013-08-15,47.246665954589844,46.71333312988281,47.13999938964844,46.939998626708984,412950.0,43.98371887207031
2013-08-16,47.69333267211914,46.86000061035156,46.88666534423828,47.28666687011719,451350.0,44.30854415893555
2013-08-19,47.400001525878906,46.65999984741211,47.22666549682617,46.66666793823242,717600.0,43.72759246826172
2013-08-20,47.17333221435547,46.380001068115234,46.7400016784668,46.959999084472656,507750.0,44.00245666503906
2013-08-21,47.086666107177734,46.439998626708984,46.866668701171875,46.63999938964844,553350.0,43.70262145996094
2013-08-22,47.746665954589844,46.67333221435547,46.793331146240234,47.540000915527344,396600.0,44.545928955078125
2013-08-23,47.913333892822266,47.18000030517578,47.58000183105469,47.54666519165039,516000.0,44.55217361450195
2013-08-26,47.686668395996094,47.233333587646484,47.56666564941406,47.380001068115234,510000.0,44.39601135253906
2013-08-27,47.00666809082031,46.04666519165039,47.0,46.06666564941406,677550.0,43.165382385253906
2013-08-28,46.46666717529297,45.926666259765625,46.099998474121094,46.2400016784668,597300.0,43.32780838012695
2013-08-29,46.80666732788086,45.973331451416016,46.19333267211914,46.41999816894531,453000.0,43.49646759033203
2013-08-30,46.586666107177734,45.793331146240234,46.38666534423828,45.926666259765625,567450.0,43.03419876098633
2013-09-03,46.84000015258789,45.82666778564453,46.45333480834961,46.11333465576172,558750.0,43.20912551879883
2013-09-04,47.02000045776367,46.09333419799805,46.12666702270508,46.766666412353516,578400.0,43.821292877197266
2013-09-05,47.33333206176758,46.686668395996094,46.7400016784668,47.246665954589844,527100.0,44.27106857299805
2013-09-06,47.4466667175293,46.47999954223633,47.439998626708984,47.03333282470703,397650.0,44.07118606567383
2013-09-09,47.633331298828125,46.926666259765625,47.03333282470703,47.619998931884766,272700.0,44.62089538574219
2013-09-10,48.106666564941406,47.733333587646484,47.926666259765625,48.09333419799805,494850.0,45.064414978027344
2013-09-11,48.426666259765625,47.85333251953125,48.106666564941406,48.38666534423828,475950.0,45.339263916015625
2013-09-12,48.400001525878906,47.90666580200195,48.400001525878906,48.099998474121094,267900.0,45.07065200805664
2013-09-13,48.253334045410156,47.893333435058594,48.253334045410156,48.11333465576172,210900.0,45.08314895629883
2013-09-16,48.7400016784668,48.29999923706055,48.7400016784668,48.599998474121094,306300.0,45.53916549682617
2013-09-17,48.619998931884766,48.34000015258789,48.599998474121094,48.53333282470703,700050.0,45.47670364379883
2013-09-18,48.720001220703125,47.91999816894531,48.560001373291016,48.16666793823242,1050300.0,45.13312911987305
2013-09-19,48.400001525878906,47.6533317565918,48.266666412353516,47.880001068115234,1076700.0,44.86452102661133
2013-09-20,48.2400016784668,47.79999923706055,48.13999938964844,47.959999084472656,893400.0,44.93947219848633
2013-09-23,48.106666564941406,47.70000076293945,48.06666564941406,47.99333190917969,687150.0,44.97071838378906
2013-09-24,48.526668548583984,47.866668701171875,48.04666519165039,48.086666107177734,469050.0,45.058162689208984
2013-09-25,48.58000183105469,47.99333190917969,48.17333221435547,48.43333435058594,375900.0,45.382999420166016
2013-09-26,48.7599983215332,48.293331146240234,48.41999816894531,48.6533317565918,435300.0,45.58913040161133
2013-09-27,48.6533317565918,48.279998779296875,48.29999923706055,48.560001373291016,328350.0,45.50168991088867
2013-09-30,48.5,47.96666717529297,48.119998931884766,48.233333587646484,476550.0,45.19558334350586
2013-10-01,48.3466682434082,47.48666763305664,47.753334045410156,48.08000183105469,705600.0,45.051918029785156
2013-10-02,47.80666732788086,47.31999969482422,47.573333740234375,47.80666732788086,701400.0,44.90164566040039
2013-10-03,47.97999954223633,47.16666793823242,47.64666748046875,47.540000915527344,637200.0,44.65117645263672
2013-10-04,48.38666534423828,47.52000045776367,47.5533332824707,48.37333297729492,511800.0,45.433868408203125
2013-10-07,48.2400016784668,47.733333587646484,47.98666763305664,47.86000061035156,384900.0,44.95173645019531
2013-10-08,47.96666717529297,47.206668853759766,47.88666534423828,47.21333312988281,382950.0,44.3443603515625
2013-10-09,47.38666534423828,46.84000015258789,47.279998779296875,47.11333465576172,592200.0,44.25043869018555
2013-10-10,48.586666107177734,47.69333267211914,47.69333267211914,48.586666107177734,660150.0,45.634239196777344
2013-10-11,48.959999084472656,48.32666778564453,48.473331451416016,48.77333450317383,434700.0,45.8095703125
2013-10-14,49.03333282470703,48.18000030517578,48.31999969482422,48.86000061035156,585600.0,45.89097213745117
2013-10-15,49.220001220703125,48.35333251953125,48.71333312988281,48.48666763305664,656850.0,45.54032516479492
2013-10-16,49.50666809082031,48.619998931884766,48.67333221435547,49.37333297729492,460650.0,46.37310028076172
2013-10-17,50.08000183105469,48.84000015258789,49.16666793823242,50.0533332824707,762600.0,47.01177978515625
2013-10-18,50.0533332824707,49.45333480834961,50.03333282470703,50.01333236694336,621750.0,46.974220275878906
2013-10-21,50.16666793823242,49.82666778564453,50.040000915527344,50.09333419799805,456900.0,47.04935836791992
2013-10-22,50.526668548583984,49.973331451416016,50.13999938964844,50.08000183105469,410100.0,47.036834716796875
2013-10-23,50.18000030517578,49.18000030517578,50.18000030517578,49.63999938964844,536250.0,46.623573303222656
2013-10-24,49.63999938964844,48.50666809082031,49.63999938964844,49.106666564941406,837750.0,46.122642517089844
2013-10-25,49.59333419799805,48.686668395996094,49.0533332824707,48.90666580200195,725400.0,45.9348030090332
2013-10-28,49.16666793823242,48.77333450317383,48.95333480834961,48.88666534423828,693000.0,45.9160041809082
2013-10-29,49.400001525878906,48.90666580200195,49.106666564941406,49.026668548583984,1247100.0,46.04750442504883
2013-10-30,49.50666809082031,48.61333465576172,48.90666580200195,48.866668701171875,977400.0,45.89723205566406
2013-10-31,49.02000045776367,48.5,48.753334045410156,48.573333740234375,1171650.0,45.62172317504883
2013-11-01,48.78666687011719,48.34000015258789,48.54666519165039,48.51333236694336,742350.0,45.56536102294922
2013-11-04,48.746665954589844,48.35333251953125,48.67333221435547,48.58000183105469,557250.0,45.62797927856445
2013-11-05,48.71333312988281,48.32666778564453,48.50666809082031,48.56666564941406,810150.0,45.61545181274414
2013-11-06,49.040000915527344,48.64666748046875,48.766666412353516,49.03333282470703,448800.0,46.053768157958984
2013-11-07,49.586666107177734,48.66666793823242,49.09333419799805,48.70000076293945,730500.0,45.740699768066406
2013-11-08,49.72666549682617,48.69333267211914,48.69333267211914,49.266666412353516,889350.0,46.27292251586914
2013-11-11,49.400001525878906,48.7599983215332,49.266666412353516,49.366668701171875,570450.0,46.366844177246094
2013-11-12,49.37333297729492,48.3466682434082,49.1533317565918,49.09333419799805,516450.0,46.11012268066406
2013-11-13,49.91999816894531,48.733333587646484,49.01333236694336,49.880001068115234,697050.0,46.84897994995117
2013-11-14,50.36000061035156,49.6533317565918,50.026668548583984,50.279998779296875,611100.0,47.22468566894531
2013-11-15,50.313331604003906,49.78666687011719,50.233333587646484,50.279998779296875,679500.0,47.22468566894531
2013-11-18,50.56666564941406,50.0,50.459999084472656,50.106666564941406,716250.0,47.0618782043457
2013-11-19,50.11333465576172,49.6533317565918,50.106666564941406,49.746665954589844,748350.0,46.723751068115234
2013-11-20,49.939998626708984,49.473331451416016,49.939998626708984,49.619998931884766,750000.0,46.60478973388672
2013-11-21,50.27333450317383,49.746665954589844,49.90666580200195,50.106666564941406,754200.0,47.0618782043457
2013-11-22,50.313331604003906,49.813331604003906,49.99333190917969,50.27333450317383,482250.0,47.218414306640625
2013-11-25,50.51333236694336,50.12666702270508,50.35333251953125,50.3466682434082,421350.0,47.287288665771484
2013-11-26,50.88666534423828,50.28666687011719,50.33333206176758,50.686668395996094,898800.0,47.606632232666016
2013-11-27,50.959999084472656,50.606666564941406,50.85333251953125,50.913333892822266,475800.0,47.819522857666016
2013-11-29,51.253334045410156,50.61333465576172,50.90666580200195,50.66666793823242,252450.0,47.58785629272461
2013-12-02,51.36000061035156,50.61333465576172,50.70000076293945,50.779998779296875,463650.0,47.69429397583008
2013-12-03,50.8466682434082,49.90666580200195,50.48666763305664,50.15999984741211,670800.0,47.11197280883789
2013-12-04,50.62666702270508,49.7400016784668,50.00666809082031,50.51333236694336,1057500.0,47.44384002685547
2013-12-05,50.61333465576172,50.17333221435547,50.49333190917969,50.37333297729492,593100.0,47.31233596801758
2013-12-06,51.19333267211914,50.599998474121094,50.85333251953125,51.186668395996094,604050.0,48.07625198364258
2013-12-09,51.43333435058594,51.13999938964844,51.43333435058594,51.293331146240234,588150.0,48.17644119262695
2013-12-10,51.29999923706055,50.880001068115234,51.086666107177734,51.02000045776367,550950.0,47.919715881347656
2013-12-11,51.073333740234375,50.61333465576172,50.98666763305664,50.77333450317383,827100.0,47.68803405761719
2013-12-12,50.90666580200195,50.46666717529297,50.62666702270508,50.7400016784668,476250.0,47.6567268371582
2013-12-13,50.913333892822266,50.439998626708984,50.83333206176758,50.560001373291016,526800.0,47.48766326904297
2013-12-16,51.099998474121094,50.56666564941406,50.72666549682617,50.7599983215332,815100.0,47.67550277709961
2013-12-17,50.893333435058594,50.366668701171875,50.83333206176758,50.720001220703125,632850.0,47.637943267822266
2013-12-18,51.279998779296875,49.91999816894531,50.90666580200195,51.253334045410156,1120950.0,48.13887023925781
2013-12-19,51.413333892822266,50.84000015258789,51.20000076293945,51.33333206176758,695700.0,48.21400833129883
2013-12-20,52.00666809082031,51.04666519165039,51.43333435058594,51.900001525878906,1252800.0,48.746238708496094
2013-12-23,52.22666549682617,51.720001220703125,52.040000915527344,52.03333282470703,784200.0,48.87147521972656
2013-12-24,52.313331604003906,51.79999923706055,52.00666809082031,52.18000030517578,170550.0,49.00922393798828
2013-12-26,52.47999954223633,52.026668548583984,52.253334045410156,52.35333251953125,350850.0,49.17201614379883
2013-12-27,52.9466667175293,51.973331451416016,52.413333892822266,52.15999984741211,295350.0,48.99042510986328
2013-12-30,52.20000076293945,51.959999084472656,52.15999984741211,52.186668395996094,351450.0,49.01547622680664
2013-12-31,52.253334045410156,51.87333297729492,52.17333221435547,52.099998474121094,495300.0,49.040584564208984
2014-01-02,52.119998931884766,51.38666534423828,52.119998931884766,51.619998931884766,578250.0,48.58876419067383
2014-01-03,51.900001525878906,51.41999816894531,51.63999938964844,51.720001220703125,456600.0,48.68290328979492
2014-01-06,51.959999084472656,51.35333251953125,51.893333435058594,51.53333282470703,716850.0,48.50719451904297
2014-01-07,52.32666778564453,51.53333282470703,51.733333587646484,51.959999084472656,658050.0,48.9088134765625
2014-01-08,52.45333480834961,51.85333251953125,52.040000915527344,52.35333251953125,1135800.0,49.27903366088867
2014-01-09,52.5,51.9466667175293,52.366668701171875,52.459999084472656,1021950.0,49.37944412231445
2014-01-10,52.62666702270508,51.90666580200195,52.560001373291016,52.18000030517578,764250.0,49.11589050292969
2014-01-13,52.28666687011719,51.27333450317383,52.026668548583984,51.4466667175293,637050.0,48.42561721801758
2014-01-14,52.220001220703125,51.34000015258789,51.573333740234375,52.21333312988281,830250.0,49.14727020263672
2014-01-15,52.29999923706055,51.41999816894531,51.41999816894531,52.27333450317383,849750.0,49.2037353515625
2014-01-16,52.233333587646484,51.87333297729492,52.15999984741211,51.97999954223633,358350.0,48.92763137817383
2014-01-17,52.086666107177734,51.64666748046875,52.01333236694336,51.80666732788086,491400.0,48.76447677612305
2014-01-21,52.15999984741211,51.43333435058594,52.11333465576172,51.560001373291016,613650.0,48.53227996826172
2014-01-22,51.900001525878906,51.426666259765625,51.62666702270508,51.633331298828125,569700.0,48.601314544677734
2014-01-23,51.266666412353516,50.753334045410156,51.253334045410156,50.973331451416016,801450.0,47.98008346557617
2014-01-24,50.72666549682617,49.706668853759766,50.62666702270508,49.706668853759766,859950.0,46.78779983520508
2014-01-27,50.01333236694336,49.060001373291016,49.71333312988281,49.4466667175293,732750.0,46.543060302734375
2014-01-28,49.900001525878906,49.4466667175293,49.473331451416016,49.7599983215332,714450.0,46.837989807128906
2014-01-29,49.78666687011719,49.32666778564453,49.3466682434082,49.380001068115234,816900.0,46.480308532714844
2014-01-30,50.526668548583984,49.526668548583984,49.65999984741211,50.46666717529297,774150.0,47.5031623840332
2014-01-31,50.573333740234375,49.573333740234375,49.83333206176758,50.099998474121094,1295850.0,47.15803146362305
2014-02-03,50.28666687011719,48.2599983215332,50.06666564941406,48.366668701171875,1097400.0,45.52647018432617
2014-02-04,49.20000076293945,48.026668548583984,48.53333282470703,48.63999938964844,1192800.0,45.783756256103516
2014-02-05,48.85333251953125,47.82666778564453,48.49333190917969,48.7400016784668,566700.0,45.877891540527344
2014-02-06,49.400001525878906,48.59333419799805,48.766666412353516,49.33333206176758,922500.0,46.43638610839844
2014-02-07,50.14666748046875,49.34000015258789,49.5533332824707,50.0533332824707,820800.0,47.114097595214844
2014-02-10,50.17333221435547,49.48666763305664,49.813331604003906,50.13999938964844,694050.0,47.195682525634766
2014-02-11,50.54666519165039,49.82666778564453,50.03333282470703,50.3466682434082,964500.0,47.39020538330078
2014-02-12,50.85333251953125,50.04666519165039,50.5,50.186668395996094,1035750.0,47.23960876464844
2014-02-13,50.573333740234375,49.65999984741211,49.88666534423828,50.56666564941406,1127100.0,47.5972900390625
2014-02-14,50.70000076293945,50.279998779296875,50.51333236694336,50.573333740234375,690150.0,47.603572845458984
2014-02-18,51.18000030517578,50.46666717529297,50.56666564941406,51.133331298828125,557850.0,48.13067626953125
2014-02-19,51.573333740234375,50.439998626708984,50.99333190917969,50.47999954223633,524100.0,47.51571273803711
2014-02-20,50.82666778564453,50.106666564941406,50.53333282470703,50.72666549682617,437100.0,47.74789810180664
2014-02-21,51.0,50.619998931884766,50.81999969482422,50.720001220703125,809250.0,47.74162292480469
2014-02-24,51.01333236694336,50.48666763305664,50.70000076293945,50.69333267211914,879000.0,47.716514587402344
2014-02-25,50.973331451416016,50.560001373291016,50.746665954589844,50.686668395996094,607050.0,47.710243225097656
2014-02-26,50.9466667175293,50.5,50.926666259765625,50.720001220703125,475500.0,47.74162292480469
2014-02-27,51.220001220703125,50.400001525878906,50.64666748046875,51.06666564941406,473700.0,48.06792068481445
2014-02-28,52.060001373291016,50.8466682434082,51.0533332824707,51.67333221435547,884850.0,48.638973236083984
2014-03-03,51.540000915527344,50.96666717529297,51.086666107177734,51.3466682434082,476700.0,48.331478118896484
2014-03-04,52.426666259765625,51.926666259765625,51.926666259765625,52.400001525878906,705150.0,49.32298278808594
2014-03-05,52.54666519165039,52.119998931884766,52.29999923706055,52.45333480834961,376950.0,49.3731689453125
2014-03-06,53.04666519165039,52.4466667175293,52.5533332824707,52.93333435058594,633900.0,49.824989318847656
2014-03-07,53.58000183105469,53.09333419799805,53.233333587646484,53.51333236694336,713550.0,50.37092208862305
2014-03-10,53.619998931884766,53.06666564941406,53.40666580200195,53.220001220703125,616650.0,50.09481430053711
2014-03-11,53.53333282470703,52.540000915527344,53.459999084472656,52.63999938964844,575250.0,49.548885345458984
2014-03-12,52.6533317565918,52.040000915527344,52.17333221435547,52.619998931884766,636000.0,49.53004837036133
2014-03-13,53.026668548583984,51.98666763305664,53.0,52.09333419799805,745200.0,49.03431701660156
2014-03-14,52.393333435058594,51.720001220703125,52.0533332824707,51.99333190917969,636000.0,48.940181732177734
2014-03-17,52.51333236694336,52.08000183105469,52.22666549682617,52.253334045410156,595500.0,49.18492126464844
2014-03-18,52.72666549682617,52.1533317565918,52.3466682434082,52.586666107177734,414000.0,49.4986686706543
2014-03-19,52.72666549682617,52.04666519165039,52.573333740234375,52.40666580200195,508650.0,49.329246520996094
2014-03-20,52.939998626708984,52.1533317565918,52.1533317565918,52.540000915527344,559950.0,49.45474624633789
2014-03-21,53.186668395996094,52.68000030517578,53.01333236694336,52.80666732788086,1225800.0,49.70575714111328
2014-03-24,53.13999938964844,52.380001068115234,52.96666717529297,52.5533332824707,646950.0,49.46730422973633
2014-03-25,52.99333190917969,52.22666549682617,52.880001068115234,52.51333236694336,522450.0,49.42965316772461
2014-03-26,52.96666717529297,51.893333435058594,52.720001220703125,51.893333435058594,370800.0,48.846046447753906
2014-03-27,52.12666702270508,51.15999984741211,51.95333480834961,51.31999969482422,598650.0,48.306392669677734
2014-03-28,51.880001068115234,51.33333206176758,51.64666748046875,51.56666564941406,499950.0,48.5385627746582
2014-03-31,52.5,51.79999923706055,51.79999923706055,52.46666717529297,729150.0,49.38572311401367
2014-04-01,52.746665954589844,52.00666809082031,52.413333892822266,52.72666549682617,570000.0,49.75055694580078
2014-04-02,52.926666259765625,52.50666809082031,52.733333587646484,52.753334045410156,516300.0,49.77573013305664
2014-04-03,53.02000045776367,52.606666564941406,52.83333206176758,52.793331146240234,518850.0,49.8134651184082
2014-04-04,53.45333480834961,52.2599983215332,53.12666702270508,52.279998779296875,892800.0,49.3291015625
2014-04-07,52.28666687011719,51.459999084472656,52.099998474121094,51.54666519165039,961800.0,48.63716125488281
2014-04-08,52.06666564941406,51.266666412353516,51.459999084472656,51.8466682434082,615300.0,48.92023849487305
2014-04-09,52.50666809082031,51.65999984741211,52.01333236694336,52.439998626708984,549900.0,49.48006820678711
2014-04-10,52.733333587646484,51.5,52.52000045776367,51.53333282470703,815550.0,48.624576568603516
2014-04-11,51.70000076293945,50.959999084472656,51.33333206176758,50.973331451416016,727950.0,48.096195220947266
2014-04-14,51.473331451416016,50.62666702270508,51.426666259765625,51.04666519165039,630300.0,48.16538619995117
2014-04-15,51.586666107177734,50.8466682434082,51.0533332824707,51.41999816894531,665850.0,48.51763916015625
2014-04-16,52.0533332824707,51.586666107177734,51.9466667175293,52.03333282470703,318450.0,49.09636306762695
2014-04-17,52.49333190917969,51.82666778564453,51.939998626708984,52.31999969482422,428250.0,49.36684799194336
2014-04-21,52.526668548583984,51.97999954223633,52.37333297729492,52.04666519165039,441300.0,49.10893249511719
2014-04-22,52.573333740234375,51.9466667175293,52.04666519165039,52.34000015258789,604800.0,49.385719299316406
2014-04-23,53.220001220703125,52.47999954223633,52.80666732788086,52.66666793823242,829950.0,49.69395446777344
2014-04-24,53.03333282470703,52.099998474121094,52.939998626708984,52.59333419799805,1148850.0,49.62476348876953
2014-04-25,52.63999938964844,52.11333465576172,52.54666519165039,52.2599983215332,911550.0,49.31024169921875
2014-04-28,52.58000183105469,51.540000915527344,52.53333282470703,52.03333282470703,800100.0,49.09636306762695
2014-04-29,52.81999969482422,52.106666564941406,52.27333450317383,52.526668548583984,890850.0,49.561859130859375
2014-04-30,53.15999984741211,52.366668701171875,52.63999938964844,53.133331298828125,777600.0,50.13427734375
2014-05-01,53.459999084472656,52.86000061035156,53.073333740234375,53.19333267211914,764550.0,50.190887451171875
2014-05-02,53.753334045410156,53.19333267211914,53.19333267211914,53.366668701171875,497850.0,50.35443878173828
2014-05-05,53.5,52.746665954589844,53.04666519165039,53.36000061035156,633300.0,50.348148345947266
2014-05-06,53.38666534423828,52.70000076293945,53.13999938964844,52.766666412353516,751500.0,49.78830337524414
2014-05-07,53.526668548583984,52.67333221435547,52.866668701171875,53.50666809082031,694650.0,50.48653793334961
2014-05-08,54.03333282470703,53.293331146240234,53.293331146240234,53.793331146240234,523200.0,50.757015228271484
2014-05-09,53.90666580200195,53.266666412353516,53.6533317565918,53.82666778564453,356850.0,50.788482666015625
2014-05-12,54.43333435058594,53.82666778564453,53.91999816894531,54.400001525878906,413100.0,51.32944869995117
2014-05-13,54.6533317565918,54.20000076293945,54.526668548583984,54.366668701171875,377550.0,51.29800033569336
2014-05-14,54.29999923706055,53.573333740234375,54.29999923706055,53.733333587646484,451350.0,50.700401306152344
2014-05-15,53.49333190917969,52.61333465576172,53.49333190917969,53.20000076293945,615000.0,50.197174072265625
2014-05-16,53.36000061035156,52.686668395996094,52.793331146240234,53.31999969482422,772050.0,50.310401916503906
2014-05-19,53.67333221435547,53.09333419799805,53.09333419799805,53.633331298828125,485850.0,50.606048583984375
2014-05-20,53.61333465576172,53.11333465576172,53.599998474121094,53.3466682434082,558600.0,50.3355712890625
2014-05-21,53.8466682434082,53.43333435058594,53.586666107177734,53.83333206176758,532950.0,50.79475402832031
2014-05-22,54.04666519165039,53.66666793823242,53.7599983215332,53.9466667175293,576900.0,50.901702880859375
2014-05-23,54.133331298828125,53.82666778564453,53.900001525878906,54.060001373291016,318600.0,51.008636474609375
2014-05-27,54.54666519165039,54.073333740234375,54.16666793823242,54.20000076293945,799800.0,51.14073944091797
2014-05-28,54.220001220703125,53.79999923706055,54.133331298828125,53.926666259765625,732900.0,50.88282775878906
2014-05-29,54.086666107177734,53.6533317565918,53.86000061035156,53.900001525878906,583350.0,50.97740936279297
2014-05-30,54.16666793823242,53.753334045410156,53.85333251953125,53.95333480834961,778500.0,51.02785110473633
2014-06-02,54.4466667175293,53.83333206176758,54.106666564941406,54.366668701171875,637950.0,51.41877365112305
2014-06-03,54.586666107177734,54.060001373291016,54.41999816894531,54.47999954223633,561150.0,51.52596664428711
2014-06-04,55.119998931884766,54.33333206176758,54.540000915527344,54.65999984741211,690450.0,51.69619369506836
2014-06-05,54.81999969482422,54.31999969482422,54.7400016784668,54.706668853759766,646500.0,51.7403450012207
2014-06-06,55.086666107177734,54.619998931884766,54.70000076293945,54.9466667175293,418350.0,51.96732711791992
2014-06-09,55.253334045410156,54.813331604003906,54.880001068115234,54.973331451416016,439650.0,51.99254608154297
2014-06-10,55.15999984741211,54.779998779296875,54.85333251953125,55.073333740234375,380700.0,52.08712387084961
2014-06-11,54.91999816894531,54.560001373291016,54.91999816894531,54.66666793823242,316650.0,51.70250701904297
2014-06-12,54.61333465576172,54.02000045776367,54.586666107177734,54.18000030517578,480750.0,51.24222946166992
2014-06-13,54.426666259765625,54.0,54.233333587646484,54.30666732788086,492000.0,51.362022399902344
2014-06-16,54.36000061035156,53.96666717529297,54.246665954589844,54.253334045410156,466500.0,51.31157684326172
2014-06-17,55.026668548583984,54.15999984741211,54.18000030517578,54.9466667175293,532950.0,51.96732711791992
2014-06-18,55.0533332824707,54.540000915527344,54.926666259765625,55.026668548583984,434550.0,52.04298400878906
2014-06-19,55.106666564941406,54.65999984741211,55.106666564941406,54.8466682434082,449700.0,51.87274169921875
2014-06-20,55.15999984741211,54.746665954589844,54.95333480834961,54.85333251953125,569850.0,51.879051208496094
2014-06-23,54.913333892822266,54.50666809082031,54.813331604003906,54.813331604003906,295800.0,51.841217041015625
2014-06-24,55.13999938964844,54.473331451416016,54.619998931884766,54.59333419799805,416100.0,51.63314437866211
2014-06-25,54.913333892822266,54.35333251953125,54.400001525878906,54.84000015258789,388500.0,51.8664436340332
2014-06-26,54.85333251953125,54.380001068115234,54.753334045410156,54.79999923706055,286800.0,51.82861328125
2014-06-27,55.04666519165039,54.586666107177734,54.72666549682617,54.6533317565918,711900.0,51.68989562988281
2014-06-30,54.90666580200195,54.50666809082031,54.573333740234375,54.61333465576172,496650.0,51.65207290649414
2014-07-01,55.246665954589844,54.77333450317383,54.85333251953125,54.926666259765625,350550.0,51.948402404785156
2014-07-02,56.4900016784668,54.61000061035156,54.959999084472656,54.83000183105469,764200.0,51.85697937011719
2014-07-03,55.5099983215332,55.04999923706055,55.06999969482422,55.220001220703125,323100.0,52.22583770751953
2014-07-07,55.43000030517578,55.02000045776367,55.220001220703125,55.18000030517578,505700.0,52.18800354003906
2014-07-08,55.209999084472656,54.810001373291016,55.189998626708984,54.97999954223633,486300.0,51.99884796142578
2014-07-09,55.349998474121094,54.95000076293945,55.150001525878906,55.11000061035156,289400.0,52.12179183959961
2014-07-10,54.959999084472656,54.13999938964844,54.18000030517578,54.779998779296875,617600.0,51.809688568115234
2014-07-11,55.279998779296875,54.43000030517578,54.65999984741211,55.119998931884766,519700.0,52.131248474121094
2014-07-14,55.68000030517578,55.16999816894531,55.400001525878906,55.25,693300.0,52.25421142578125
2014-07-15,55.7400016784668,55.25,55.25,55.68000030517578,678500.0,52.660892486572266
2014-07-16,55.88999938964844,55.349998474121094,55.790000915527344,55.38999938964844,465700.0,52.38662338256836
2014-07-17,55.43000030517578,54.470001220703125,55.119998931884766,54.4900016784668,567300.0,51.53541946411133
2014-07-18,55.209999084472656,54.650001525878906,54.7400016784668,55.20000076293945,382000.0,52.2069206237793
2014-07-21,55.11000061035156,54.650001525878906,54.93000030517578,54.72999954223633,679600.0,51.76239776611328
2014-07-22,55.0,54.7599983215332,54.880001068115234,54.869998931884766,611500.0,51.89480972290039
2014-07-23,54.880001068115234,54.47999954223633,54.869998931884766,54.540000915527344,448800.0,51.58271026611328
2014-07-24,54.83000183105469,53.75,54.4900016784668,54.040000915527344,998300.0,51.10982131958008
2014-07-25,54.0,53.5099983215332,53.7400016784668,53.529998779296875,991100.0,50.62747573852539
2014-07-28,54.279998779296875,53.15999984741211,53.63999938964844,54.25,664300.0,51.308433532714844
2014-07-29,54.41999816894531,53.70000076293945,54.209999084472656,53.70000076293945,553500.0,50.78824996948242
2014-07-30,53.88999938964844,53.290000915527344,53.779998779296875,53.58000183105469,578700.0,50.67475891113281
2014-07-31,53.52000045776367,52.720001220703125,53.36000061035156,52.7400016784668,666400.0,49.880306243896484
2014-08-01,52.97999954223633,52.04999923706055,52.61000061035156,52.689998626708984,625000.0,49.833011627197266
2014-08-04,53.43000030517578,52.720001220703125,52.869998931884766,53.29999923706055,622100.0,50.409950256347656
2014-08-05,53.31999969482422,52.86000061035156,53.189998626708984,53.119998931884766,984300.0,50.239707946777344
2014-08-06,53.56999969482422,52.83000183105469,53.060001373291016,53.459999084472656,690800.0,50.56126403808594
2014-08-07,53.959999084472656,52.81999969482422,53.869998931884766,52.970001220703125,514300.0,50.09782791137695
2014-08-08,53.369998931884766,52.849998474121094,53.09000015258789,53.33000183105469,403500.0,50.438316345214844
2014-08-11,53.560001373291016,52.939998626708984,53.36000061035156,52.97999954223633,763600.0,50.10729217529297
2014-08-12,53.16999816894531,52.900001525878906,52.90999984741211,53.0,531200.0,50.126220703125
2014-08-13,53.369998931884766,53.02000045776367,53.11000061035156,53.189998626708984,513600.0,50.305908203125
2014-08-14,53.59000015258789,53.0,53.25,53.54999923706055,300100.0,50.64638137817383
2014-08-15,53.810001373291016,52.869998931884766,53.810001373291016,53.2599983215332,525600.0,50.372108459472656
2014-08-18,53.86000061035156,53.4900016784668,53.5099983215332,53.86000061035156,408200.0,50.93958282470703
2014-08-19,54.029998779296875,53.75,53.86000061035156,53.79999923706055,368300.0,50.88283157348633
2014-08-20,54.11000061035156,53.54999923706055,53.630001068115234,54.029998779296875,470500.0,51.10036087036133
2014-08-21,54.58000183105469,53.79999923706055,54.02000045776367,54.470001220703125,360900.0,51.516502380371094
2014-08-22,54.619998931884766,54.06999969482422,54.45000076293945,54.08000183105469,305200.0,51.14765167236328
2014-08-25,54.66999816894531,54.18000030517578,54.41999816894531,54.529998779296875,385800.0,51.57324981689453
2014-08-26,54.91999816894531,54.5,54.5,54.84000015258789,331800.0,51.8664436340332
2014-08-27,55.06999969482422,54.779998779296875,54.939998626708984,54.86000061035156,357200.0,51.88534927368164
2014-08-28,55.06999969482422,54.369998931884766,54.560001373291016,54.93000030517578,335100.0,51.95156478881836
2014-08-29,55.310001373291016,54.529998779296875,55.150001525878906,54.54999923706055,777500.0,51.59217071533203
2014-09-02,54.91999816894531,54.36000061035156,54.59000015258789,54.470001220703125,687600.0,51.516502380371094
2014-09-03,54.83000183105469,54.369998931884766,54.83000183105469,54.40999984741211,603200.0,51.45975875854492
2014-09-04,54.68000030517578,54.119998931884766,54.560001373291016,54.15999984741211,473400.0,51.22330856323242
2014-09-05,54.33000183105469,54.0,54.11000061035156,54.2400016784668,591900.0,51.29897689819336
2014-09-08,54.33000183105469,53.95000076293945,54.27000045776367,54.119998931884766,312500.0,51.18546676635742
2014-09-09,53.9900016784668,53.47999954223633,53.9900016784668,53.5,727300.0,50.599098205566406
2014-09-10,53.869998931884766,53.29999923706055,53.54999923706055,53.599998474121094,548300.0,50.69367980957031
2014-09-11,53.66999816894531,53.279998779296875,53.40999984741211,53.59000015258789,340600.0,50.68421936035156
2014-09-12,53.77000045776367,53.349998474121094,53.41999816894531,53.650001525878906,419900.0,50.740966796875
2014-09-15,53.63999938964844,53.36000061035156,53.58000183105469,53.38999938964844,436300.0,50.49506378173828
2014-09-16,53.7400016784668,53.310001373291016,53.41999816894531,53.529998779296875,387800.0,50.62747573852539
2014-09-17,53.93000030517578,53.38999938964844,53.56999969482422,53.59000015258789,350900.0,50.68421936035156
2014-09-18,54.09000015258789,53.720001220703125,53.720001220703125,53.83000183105469,552100.0,50.91120147705078
2014-09-19,54.2599983215332,53.43000030517578,54.11000061035156,53.560001373291016,949800.0,50.655845642089844
2014-09-22,53.47999954223633,53.119998931884766,53.36000061035156,53.25,614900.0,50.3626594543457
2014-09-23,53.2400016784668,52.619998931884766,53.0099983215332,52.619998931884766,534400.0,49.76681137084961
2014-09-24,53.349998474121094,52.4900016784668,52.59000015258789,53.2599983215332,561400.0,50.372108459472656
2014-09-25,53.150001525878906,52.56999969482422,53.04999923706055,52.56999969482422,533200.0,49.71952438354492
2014-09-26,53.09000015258789,52.470001220703125,52.720001220703125,52.959999084472656,442100.0,50.08837127685547
2014-09-29,52.880001068115234,52.279998779296875,52.5099983215332,52.63999938964844,661700.0,49.78573226928711
2014-09-30,52.72999954223633,52.34000015258789,52.720001220703125,52.369998931884766,662900.0,49.53036880493164
2014-10-01,52.279998779296875,51.79999923706055,52.27000045776367,51.91999816894531,1069100.0,49.22414016723633
2014-10-02,52.310001373291016,51.61000061035156,51.77000045776367,52.06999969482422,840200.0,49.366355895996094
2014-10-03,52.77000045776367,52.369998931884766,52.439998626708984,52.61000061035156,699500.0,49.878326416015625
2014-10-06,52.849998474121094,52.220001220703125,52.790000915527344,52.439998626708984,602500.0,49.71713638305664
2014-10-07,52.40999984741211,51.5,52.130001068115234,51.5,653500.0,48.82594680786133
2014-10-08,52.59000015258789,51.2599983215332,51.439998626708984,52.52000045776367,882700.0,49.79298782348633
2014-10-09,52.5099983215332,51.79999923706055,52.470001220703125,51.86000061035156,930600.0,49.16725540161133
2014-10-10,52.41999816894531,51.5,51.86000061035156,51.5,760800.0,48.82594680786133
2014-10-13,51.86000061035156,51.11000061035156,51.459999084472656,51.11000061035156,650300.0,48.45619201660156
2014-10-14,51.869998931884766,51.27000045776367,51.29999923706055,51.470001220703125,618100.0,48.797508239746094
2014-10-15,50.9900016784668,49.970001220703125,50.709999084472656,50.630001068115234,972800.0,48.001129150390625
2014-10-16,50.5099983215332,49.880001068115234,49.91999816894531,50.31999969482422,805500.0,47.707218170166016
2014-10-17,51.439998626708984,50.68000030517578,50.75,51.310001373291016,574300.0,48.645816802978516
2014-10-20,51.689998626708984,51.0,51.22999954223633,51.66999816894531,547800.0,48.98712158203125
2014-10-21,52.88999938964844,51.91999816894531,51.9900016784668,52.880001068115234,596500.0,50.134307861328125
2014-10-22,53.13999938964844,52.56999969482422,52.97999954223633,52.61000061035156,598300.0,49.878326416015625
2014-10-23,52.11000061035156,49.709999084472656,52.11000061035156,50.56999969482422,2997700.0,47.944236755371094
2014-10-24,51.470001220703125,50.27000045776367,50.4900016784668,51.25,1213300.0,48.58892822265625
2014-10-27,51.38999938964844,50.939998626708984,51.150001525878906,51.349998474121094,683800.0,48.683738708496094
2014-10-28,51.86000061035156,51.16999816894531,51.63999938964844,51.650001525878906,1326400.0,48.96815872192383
2014-10-29,52.130001068115234,51.599998474121094,51.83000183105469,51.7599983215332,761700.0,49.072452545166016
2014-10-30,52.47999954223633,51.54999923706055,51.59000015258789,52.20000076293945,652300.0,49.489601135253906
2014-10-31,53.0,52.720001220703125,52.939998626708984,52.959999084472656,745400.0,50.21013641357422
2014-11-03,53.13999938964844,52.709999084472656,52.90999984741211,53.029998779296875,1041600.0,50.27650451660156
2014-11-04,53.369998931884766,52.77000045776367,52.939998626708984,53.36000061035156,615300.0,50.58937072753906
2014-11-05,53.7599983215332,53.29999923706055,53.63999938964844,53.75,942800.0,50.95912170410156
2014-11-06,53.7599983215332,53.130001068115234,53.58000183105469,53.400001525878906,1013600.0,50.627296447753906
2014-11-07,53.58000183105469,53.08000183105469,53.22999954223633,53.459999084472656,608300.0,50.684173583984375
2014-11-10,53.41999816894531,53.0,53.38999938964844,53.09000015258789,1297400.0,50.33339309692383
2014-11-11,53.2599983215332,52.90999984741211,53.0,53.18000030517578,395200.0,50.41872024536133
2014-11-12,53.33000183105469,52.58000183105469,52.88999938964844,53.2599983215332,678000.0,50.494564056396484
2014-11-13,53.43000030517578,53.0099983215332,53.43000030517578,53.279998779296875,542000.0,50.513526916503906
2014-11-14,53.439998626708984,53.0,53.18000030517578,53.2599983215332,476400.0,50.494564056396484
2014-11-17,53.33000183105469,52.939998626708984,53.2400016784668,53.310001373291016,488600.0,50.54197311401367
2014-11-18,53.72999954223633,53.2599983215332,53.38999938964844,53.5,445500.0,50.72210693359375
2014-11-19,53.65999984741211,53.08000183105469,53.540000915527344,53.2400016784668,663500.0,50.47560119628906
2014-11-20,53.47999954223633,52.81999969482422,52.939998626708984,53.470001220703125,377200.0,50.69365692138672
2014-11-21,54.150001525878906,53.68000030517578,53.91999816894531,53.79999923706055,617400.0,51.00652313232422
2014-11-24,54.22999954223633,53.689998626708984,54.02000045776367,54.130001068115234,759000.0,51.31938934326172
2014-11-25,54.220001220703125,53.75,54.189998626708984,53.93000030517578,527700.0,51.12977600097656
2014-11-26,54.060001373291016,53.689998626708984,53.97999954223633,53.83000183105469,493100.0,51.034969329833984
2014-11-28,54.13999938964844,53.66999816894531,53.93000030517578,53.75,284900.0,50.95912170410156
2014-12-01,53.65999984741211,53.279998779296875,53.540000915527344,53.29999923706055,742900.0,50.532493591308594
2014-12-02,53.459999084472656,52.7400016784668,53.20000076293945,53.45000076293945,1093200.0,50.6746940612793
2014-12-03,53.70000076293945,52.7400016784668,53.439998626708984,53.65999984741211,1635400.0,50.87379455566406
2014-12-04,53.84000015258789,53.27000045776367,53.65999984741211,53.459999084472656,745600.0,50.684173583984375
2014-12-05,54.31999969482422,53.619998931884766,53.619998931884766,54.09000015258789,715800.0,51.281471252441406
2014-12-08,54.689998626708984,53.95000076293945,54.08000183105469,54.40999984741211,906200.0,51.584861755371094
2014-12-09,54.279998779296875,53.630001068115234,53.77000045776367,54.209999084472656,526100.0,51.39523696899414
2014-12-10,54.369998931884766,53.56999969482422,54.0099983215332,53.61000061035156,648700.0,50.826393127441406
2014-12-11,54.310001373291016,53.61000061035156,53.72999954223633,53.72999954223633,648400.0,50.94015884399414
2014-12-12,53.5099983215332,52.13999938964844,53.25,52.13999938964844,599300.0,49.4327278137207
2014-12-15,52.630001068115234,51.5,52.41999816894531,51.720001220703125,754400.0,49.03452682495117
2014-12-16,52.470001220703125,51.279998779296875,51.45000076293945,51.619998931884766,718800.0,48.93971633911133
2014-12-17,53.099998474121094,51.689998626708984,51.81999969482422,53.02000045776367,981900.0,50.26702880859375
2014-12-18,54.439998626708984,53.459999084472656,53.619998931884766,54.439998626708984,1119900.0,51.6132926940918
2014-12-19,54.65999984741211,54.15999984741211,54.65999984741211,54.459999084472656,1427500.0,51.632259368896484
2014-12-22,55.04999923706055,54.400001525878906,54.560001373291016,55.0099983215332,603500.0,52.1536979675293
2014-12-23,55.7400016784668,55.08000183105469,55.119998931884766,55.41999816894531,445900.0,52.54241180419922
2014-12-24,55.5,54.9900016784668,55.47999954223633,55.18000030517578,138300.0,52.31487274169922
2014-12-26,55.400001525878906,55.13999938964844,55.279998779296875,55.2599983215332,411000.0,52.390716552734375
2014-12-29,55.880001068115234,55.13999938964844,55.13999938964844,55.34000015258789,265000.0,52.4665641784668
2014-12-30,55.4900016784668,54.869998931884766,55.130001068115234,55.040000915527344,485100.0,52.1821403503418
2014-12-31,55.209999084472656,54.13999938964844,55.209999084472656,54.16999816894531,448900.0,51.47608947753906
2015-01-02,54.599998474121094,53.66999816894531,54.5099983215332,54.15999984741211,617800.0,51.466590881347656
2015-01-05,53.869998931884766,53.040000915527344,53.7400016784668,53.189998626708984,505300.0,50.544830322265625
2015-01-06,53.16999816894531,52.36000061035156,53.11000061035156,52.470001220703125,669000.0,49.860626220703125
2015-01-07,53.060001373291016,51.83000183105469,51.83000183105469,52.529998779296875,1254300.0,49.91764831542969
2015-01-08,53.70000076293945,52.880001068115234,53.02000045776367,53.34000015258789,1059400.0,50.687374114990234
2015-01-09,53.560001373291016,52.54999923706055,53.400001525878906,52.56999969482422,537700.0,49.95566177368164
2015-01-12,52.72999954223633,51.970001220703125,52.689998626708984,52.099998474121094,347700.0,49.509033203125
2015-01-13,52.880001068115234,51.45000076293945,52.45000076293945,51.810001373291016,672700.0,49.23345947265625
2015-01-14,51.70000076293945,50.849998474121094,51.150001525878906,51.310001373291016,591900.0,48.758323669433594
2015-01-15,51.7400016784668,50.900001525878906,51.310001373291016,51.0,505300.0,48.46372985839844
2015-01-16,51.869998931884766,50.7599983215332,50.88999938964844,51.849998474121094,614400.0,49.271453857421875
2015-01-20,52.25,51.11000061035156,52.15999984741211,51.36000061035156,650200.0,48.80583190917969
2015-01-21,51.75,50.939998626708984,51.189998626708984,51.43000030517578,467600.0,48.872352600097656
2015-01-22,52.470001220703125,51.2400016784668,51.709999084472656,52.27000045776367,638100.0,49.67058181762695
2015-01-23,52.36000061035156,51.7400016784668,52.25,51.7599983215332,490500.0,49.185943603515625
2015-01-26,51.93000030517578,51.439998626708984,51.720001220703125,51.83000183105469,711200.0,49.25247573852539
2015-01-27,51.630001068115234,50.93000030517578,50.93000030517578,51.31999969482422,480000.0,48.767826080322266
2015-01-28,51.77000045776367,50.31999969482422,51.52000045776367,50.31999969482422,654000.0,47.81755828857422
2015-01-29,50.93000030517578,50.20000076293945,50.400001525878906,50.849998474121094,667100.0,48.32119369506836
2015-01-30,51.040000915527344,49.97999954223633,50.38999938964844,50.06999969482422,828000.0,47.57999038696289
2015-02-02,51.18000030517578,49.83000183105469,50.04999923706055,51.060001373291016,901800.0,48.520748138427734
2015-02-03,51.349998474121094,49.77000045776367,50.959999084472656,50.9900016784668,1225900.0,48.4542350769043
2015-02-04,52.20000076293945,50.81999969482422,50.90999984741211,51.93000030517578,1398500.0,49.34748458862305
2015-02-05,52.56999969482422,51.47999954223633,51.52000045776367,52.52000045776367,685000.0,49.90814208984375
2015-02-06,53.279998779296875,52.54999923706055,52.709999084472656,53.0099983215332,737500.0,50.373783111572266
2015-02-09,53.060001373291016,52.560001373291016,52.63999938964844,52.93000030517578,718000.0,50.29775619506836
2015-02-10,53.369998931884766,52.63999938964844,53.369998931884766,53.0099983215332,654100.0,50.373783111572266
2015-02-11,53.630001068115234,53.02000045776367,53.20000076293945,53.439998626708984,470700.0,50.78239822387695
2015-02-12,53.849998474121094,53.2599983215332,53.52000045776367,53.70000076293945,521000.0,51.029457092285156
2015-02-13,54.119998931884766,53.529998779296875,53.619998931884766,54.04999923706055,521800.0,51.362056732177734
2015-02-17,54.33000183105469,53.689998626708984,53.900001525878906,53.97999954223633,773900.0,51.295536041259766
2015-02-18,53.849998474121094,53.630001068115234,53.79999923706055,53.72999954223633,644200.0,51.0579719543457
2015-02-19,53.9900016784668,53.36000061035156,53.63999938964844,53.83000183105469,490200.0,51.15299987792969
2015-02-20,54.25,52.97999954223633,53.599998474121094,54.18000030517578,901500.0,51.485591888427734
2015-02-23,54.130001068115234,53.47999954223633,54.130001068115234,53.72999954223633,613500.0,51.0579719543457
2015-02-24,54.36000061035156,53.66999816894531,53.66999816894531,53.86000061035156,932300.0,51.181514739990234
2015-02-25,53.84000015258789,53.38999938964844,53.779998779296875,53.61000061035156,487800.0,50.943946838378906
2015-02-26,53.72999954223633,53.29999923706055,53.54999923706055,53.470001220703125,594500.0,50.81089782714844
2015-02-27,53.689998626708984,53.189998626708984,53.45000076293945,53.25,688400.0,50.60184860229492
2015-03-02,54.0099983215332,53.130001068115234,53.25,53.9900016784668,673600.0,51.30503845214844
2015-03-03,54.06999969482422,53.5099983215332,53.70000076293945,53.959999084472656,1005100.0,51.276527404785156
2015-03-04,53.93000030517578,53.119998931884766,53.650001525878906,53.400001525878906,548900.0,50.744388580322266
2015-03-05,53.709999084472656,53.209999084472656,53.540000915527344,53.65999984741211,451700.0,50.991455078125
2015-03-06,54.529998779296875,53.540000915527344,53.540000915527344,53.790000915527344,700700.0,51.114994049072266
2015-03-09,54.18000030517578,53.599998474121094,53.7599983215332,54.08000183105469,677200.0,51.39057159423828
2015-03-10,53.79999923706055,53.209999084472656,53.459999084472656,53.31999969482422,992900.0,50.668357849121094
2015-03-11,53.630001068115234,53.25,53.41999816894531,53.40999984741211,556100.0,50.753883361816406
2015-03-12,54.209999084472656,53.470001220703125,53.709999084472656,54.18000030517578,393200.0,51.485591888427734
2015-03-13,54.13999938964844,53.119998931884766,54.0099983215332,53.56999969482422,624900.0,50.90592575073242
2015-03-16,54.33000183105469,53.599998474121094,53.72999954223633,54.31999969482422,519000.0,51.618629455566406
2015-03-17,54.56999969482422,53.95000076293945,54.16999816894531,54.439998626708984,522900.0,51.73265838623047
2015-03-18,55.380001068115234,54.16999816894531,54.16999816894531,55.2400016784668,1190700.0,52.49287796020508
2015-03-19,55.439998626708984,54.47999954223633,55.279998779296875,54.900001525878906,829700.0,52.1697998046875
2015-03-20,55.7599983215332,55.0099983215332,55.0099983215332,55.65999984741211,1366700.0,52.891998291015625
2015-03-23,56.189998626708984,55.5099983215332,55.7400016784668,55.52000045776367,685700.0,52.75895309448242
2015-03-24,55.59000015258789,55.189998626708984,55.400001525878906,55.369998931884766,677500.0,52.61640930175781
2015-03-25,55.439998626708984,54.619998931884766,55.369998931884766,54.66999816894531,827600.0,51.95121383666992
2015-03-26,54.9900016784668,54.380001068115234,54.59000015258789,54.7599983215332,895200.0,52.0367431640625
2015-03-27,54.83000183105469,54.36000061035156,54.689998626708984,54.66999816894531,638200.0,51.95121383666992
2015-03-30,55.2599983215332,54.72999954223633,54.86000061035156,55.220001220703125,560000.0,52.473876953125
2015-03-31,55.02000045776367,54.439998626708984,54.7599983215332,54.91999816894531,717300.0,52.31669235229492
2015-04-01,55.040000915527344,54.540000915527344,54.849998474121094,54.97999954223633,577700.0,52.37384796142578
2015-04-02,55.29999923706055,54.88999938964844,54.95000076293945,55.11000061035156,525400.0,52.497684478759766
2015-04-06,55.36000061035156,54.5099983215332,54.54999923706055,55.16999816894531,520600.0,52.55484390258789
2015-04-07,55.310001373291016,54.900001525878906,55.16999816894531,55.060001373291016,641300.0,52.45005798339844
2015-04-08,55.599998474121094,55.11000061035156,55.18000030517578,55.58000183105469,450900.0,52.945411682128906
2015-04-09,55.97999954223633,55.45000076293945,55.58000183105469,55.93000030517578,500400.0,53.278812408447266
2015-04-10,55.97999954223633,55.63999938964844,55.88999938964844,55.86000061035156,533300.0,53.212135314941406
2015-04-13,56.040000915527344,55.709999084472656,55.75,55.83000183105469,311200.0,53.183555603027344
2015-04-14,56.27000045776367,55.720001220703125,55.86000061035156,56.0,619900.0,53.34550094604492
2015-04-15,56.720001220703125,55.970001220703125,56.06999969482422,56.40999984741211,548000.0,53.7360725402832
2015-04-16,56.84000015258789,56.18000030517578,56.310001373291016,56.68000030517578,656400.0,53.99325942993164
2015-04-17,56.56999969482422,55.970001220703125,56.22999954223633,56.4900016784668,808800.0,53.812278747558594
2015-04-20,56.880001068115234,56.4900016784668,56.81999969482422,56.65999984741211,521900.0,53.974212646484375
2015-04-21,56.59000015258789,55.5,55.5,56.099998474121094,752700.0,53.440765380859375
2015-04-22,56.41999816894531,55.72999954223633,56.189998626708984,56.380001068115234,806000.0,53.707481384277344
2015-04-23,56.56999969482422,55.70000076293945,56.220001220703125,56.20000076293945,861800.0,53.5360221862793
2015-04-24,56.33000183105469,55.84000015258789,56.220001220703125,56.09000015258789,536900.0,53.43123245239258
2015-04-27,56.5,55.77000045776367,56.209999084472656,55.869998931884766,658400.0,53.22166442871094
2015-04-28,56.310001373291016,55.619998931884766,55.77000045776367,56.27000045776367,375700.0,53.60270309448242
2015-04-29,56.79999923706055,55.93000030517578,55.970001220703125,56.5099983215332,550400.0,53.831321716308594
2015-04-30,56.83000183105469,56.04999923706055,56.2400016784668,56.11000061035156,785600.0,53.45028305053711
2015-05-01,56.75,55.88999938964844,56.43000030517578,56.380001068115234,781000.0,53.707481384277344
2015-05-04,56.900001525878906,56.27000045776367,56.43000030517578,56.79999923706055,450900.0,54.107582092285156
2015-05-05,57.0,56.40999984741211,56.68000030517578,56.58000183105469,590100.0,53.89801025390625
2015-05-06,57.099998474121094,56.47999954223633,56.84000015258789,56.84000015258789,634100.0,54.145687103271484
2015-05-07,57.290000915527344,56.529998779296875,56.810001373291016,56.97999954223633,471100.0,54.279052734375
2015-05-08,57.439998626708984,57.09000015258789,57.310001373291016,57.20000076293945,537000.0,54.488624572753906
2015-05-11,57.4900016784668,57.16999816894531,57.220001220703125,57.18000030517578,497900.0,54.46956253051758
2015-05-12,57.15999984741211,56.58000183105469,57.02000045776367,56.66999816894531,968000.0,53.983741760253906
2015-05-13,56.93000030517578,56.56999969482422,56.75,56.599998474121094,793800.0,53.91705322265625
2015-05-14,56.939998626708984,56.54999923706055,56.849998474121094,56.75,887900.0,54.0599479675293
2015-05-15,56.939998626708984,56.38999938964844,56.790000915527344,56.45000076293945,785700.0,53.774169921875
2015-05-18,57.060001373291016,56.40999984741211,56.5099983215332,56.95000076293945,979300.0,54.25046920776367
2015-05-19,57.720001220703125,56.9900016784668,57.130001068115234,57.65999984741211,815800.0,54.92681121826172
2015-05-20,58.029998779296875,57.290000915527344,57.68000030517578,57.939998626708984,700700.0,55.193538665771484
2015-05-21,58.099998474121094,57.689998626708984,57.81999969482422,57.869998931884766,615100.0,55.126861572265625
2015-05-22,58.15999984741211,57.650001525878906,57.779998779296875,57.68000030517578,516500.0,54.94585418701172
2015-05-26,57.7400016784668,56.90999984741211,57.58000183105469,56.9900016784668,466100.0,54.28857421875
2015-05-27,57.4900016784668,56.900001525878906,56.97999954223633,57.369998931884766,368400.0,54.65055847167969
2015-05-28,57.439998626708984,57.08000183105469,57.34000015258789,57.439998626708984,372600.0,54.71723937988281
2015-05-29,57.43000030517578,56.77000045776367,57.43000030517578,57.06999969482422,559300.0,54.36477279663086
2015-06-01,57.34000015258789,56.83000183105469,57.34000015258789,56.939998626708984,427000.0,54.24094009399414
2015-06-02,57.40999984741211,56.779998779296875,56.900001525878906,57.220001220703125,515200.0,54.507667541503906
2015-06-03,57.81999969482422,57.349998474121094,57.56999969482422,57.59000015258789,800700.0,54.86013412475586
2015-06-04,57.529998779296875,57.11000061035156,57.290000915527344,57.27000045776367,533400.0,54.5552978515625
2015-06-05,57.9900016784668,57.2400016784668,57.650001525878906,57.52000045776367,686400.0,54.79344177246094
2015-06-08,57.79999923706055,57.27000045776367,57.439998626708984,57.27000045776367,602800.0,54.5552978515625
2015-06-09,57.689998626708984,57.13999938964844,57.2400016784668,57.540000915527344,663900.0,54.812496185302734
2015-06-10,58.400001525878906,57.560001373291016,57.86000061035156,58.0,919100.0,55.250694274902344
2015-06-11,58.41999816894531,57.900001525878906,58.08000183105469,58.34000015258789,1873300.0,55.57457733154297
2015-06-12,58.36000061035156,57.93000030517578,58.33000183105469,58.189998626708984,991600.0,55.431678771972656
2015-06-15,58.15999984741211,57.529998779296875,57.65999984741211,57.90999984741211,977700.0,55.164955139160156
2015-06-16,58.459999084472656,57.849998474121094,57.86000061035156,58.27000045776367,430200.0,55.507896423339844
2015-06-17,58.7400016784668,58.349998474121094,58.5099983215332,58.43000030517578,595600.0,55.66030502319336
2015-06-18,59.0,58.43000030517578,58.54999923706055,58.939998626708984,566600.0,56.14613342285156
2015-06-19,58.88999938964844,58.529998779296875,58.709999084472656,58.709999084472656,1259600.0,55.927032470703125
2015-06-22,59.220001220703125,58.81999969482422,59.16999816894531,59.029998779296875,575900.0,56.23187255859375
2015-06-23,59.34000015258789,58.81999969482422,59.18000030517578,59.060001373291016,692400.0,56.26044464111328
2015-06-24,59.15999984741211,58.68000030517578,58.90999984741211,58.709999084472656,385100.0,55.927032470703125
2015-06-25,59.060001373291016,58.58000183105469,58.970001220703125,58.689998626708984,479200.0,55.90797424316406
2015-06-26,59.16999816894531,58.7400016784668,58.91999816894531,59.150001525878906,852800.0,56.34618377685547
2015-06-29,58.75,57.810001373291016,58.220001220703125,57.83000183105469,738100.0,55.08875274658203
2015-06-30,58.5,57.849998474121094,58.4900016784668,58.220001220703125,932600.0,55.59003448486328
2015-07-01,59.38999938964844,58.70000076293945,59.099998474121094,58.90999984741211,625500.0,56.24886703491211
2015-07-02,59.189998626708984,58.4900016784668,58.900001525878906,58.81999969482422,558700.0,56.162933349609375
2015-07-06,58.720001220703125,58.0099983215332,58.189998626708984,58.56999969482422,652000.0,55.92422103881836
2015-07-07,58.77000045776367,57.83000183105469,58.45000076293945,58.75,548400.0,56.096099853515625
2015-07-08,58.380001068115234,57.41999816894531,58.13999938964844,57.529998779296875,607600.0,54.93120574951172
2015-07-09,58.22999954223633,57.709999084472656,58.189998626708984,57.77000045776367,472100.0,55.16036605834961
2015-07-10,58.880001068115234,58.060001373291016,58.22999954223633,58.75,539300.0,56.096099853515625
2015-07-13,59.33000183105469,58.86000061035156,59.150001525878906,59.130001068115234,642700.0,56.45893478393555
2015-07-14,59.459999084472656,58.93000030517578,58.9900016784668,59.439998626708984,404700.0,56.75492858886719
2015-07-15,60.279998779296875,59.279998779296875,59.540000915527344,60.20000076293945,693500.0,57.4805908203125
2015-07-16,60.95000076293945,60.40999984741211,60.66999816894531,60.93000030517578,536800.0,58.1776237487793
2015-07-17,61.0099983215332,60.25,60.83000183105469,60.31999969482422,578100.0,57.595176696777344
2015-07-20,60.540000915527344,60.18000030517578,60.40999984741211,60.380001068115234,451300.0,57.65245819091797
2015-07-21,60.84000015258789,60.15999984741211,60.43000030517578,60.33000183105469,455600.0,57.60471725463867
2015-07-22,60.70000076293945,60.33000183105469,60.33000183105469,60.52000045776367,399800.0,57.786136627197266
2015-07-23,60.7400016784668,59.90999984741211,60.560001373291016,60.040000915527344,475300.0,57.32782745361328
2015-07-24,62.65999984741211,60.29999923706055,60.72999954223633,62.15999984741211,1644000.0,59.35205841064453
2015-07-27,61.91999816894531,60.970001220703125,61.720001220703125,61.209999084472656,731400.0,58.44497299194336
2015-07-28,60.18000030517578,55.619998931884766,59.540000915527344,59.869998931884766,1226800.0,57.165504455566406
2015-07-29,61.58000183105469,59.709999084472656,59.869998931884766,61.470001220703125,946000.0,58.6932258605957
2015-07-30,61.97999954223633,61.02000045776367,61.40999984741211,61.790000915527344,758800.0,58.99877166748047
2015-07-31,62.18000030517578,61.029998779296875,61.79999923706055,61.61000061035156,803700.0,58.82689666748047
2015-08-03,62.459999084472656,61.560001373291016,61.709999084472656,62.31999969482422,754000.0,59.504817962646484
2015-08-04,62.630001068115234,62.189998626708984,62.400001525878906,62.34000015258789,500900.0,59.52392578125
2015-08-05,62.95000076293945,62.439998626708984,62.65999984741211,62.689998626708984,477100.0,59.85811996459961
2015-08-06,62.869998931884766,61.869998931884766,62.7400016784668,62.18000030517578,537500.0,59.37115478515625
2015-08-07,62.36000061035156,61.45000076293945,62.029998779296875,61.970001220703125,713100.0,59.17063522338867
2015-08-10,63.209999084472656,62.41999816894531,62.41999816894531,63.119998931884766,573700.0,60.26869583129883
2015-08-11,63.2599983215332,62.65999984741211,62.7400016784668,62.86000061035156,526200.0,60.02043914794922
2015-08-12,62.61000061035156,61.540000915527344,62.40999984741211,62.470001220703125,460000.0,59.64805603027344
2015-08-13,62.720001220703125,60.959999084472656,61.97999954223633,62.20000076293945,1090600.0,59.390262603759766
2015-08-14,62.72999954223633,62.099998474121094,62.20000076293945,62.5,614600.0,59.676700592041016
2015-08-17,62.709999084472656,61.58000183105469,62.209999084472656,62.709999084472656,482500.0,59.877197265625
2015-08-18,62.880001068115234,62.45000076293945,62.70000076293945,62.630001068115234,480100.0,59.80083465576172
2015-08-19,62.7400016784668,61.849998474121094,62.369998931884766,62.52000045776367,543700.0,59.69579315185547
2015-08-20,62.189998626708984,61.119998931884766,62.15999984741211,61.130001068115234,638500.0,58.36857986450195
2015-08-21,60.77000045776367,59.34000015258789,60.61000061035156,59.349998474121094,906200.0,56.668983459472656
2015-08-24,58.22999954223633,55.9900016784668,56.38999938964844,56.43000030517578,1800400.0,53.880897521972656
2015-08-25,57.79999923706055,55.59000015258789,57.689998626708984,55.619998931884766,1359700.0,53.107486724853516
2015-08-26,57.790000915527344,56.380001068115234,57.0,57.54999923706055,1191500.0,54.9503059387207
2015-08-27,59.220001220703125,57.849998474121094,58.369998931884766,58.81999969482422,1021600.0,56.162933349609375
2015-08-28,59.70000076293945,58.43000030517578,58.58000183105469,58.91999816894531,801100.0,56.25840759277344
2015-08-31,58.849998474121094,58.310001373291016,58.59000015258789,58.459999084472656,773400.0,55.8192024230957
2015-09-01,57.810001373291016,56.459999084472656,57.310001373291016,56.66999816894531,734800.0,54.11005401611328
2015-09-02,57.45000076293945,56.68000030517578,57.29999923706055,57.43000030517578,477000.0,54.835723876953125
2015-09-03,58.20000076293945,57.25,57.56999969482422,57.68000030517578,354800.0,55.07442092895508
2015-09-04,57.38999938964844,56.599998474121094,56.97999954223633,56.900001525878906,853300.0,54.32966232299805
2015-09-08,57.900001525878906,57.02000045776367,57.849998474121094,57.790000915527344,991500.0,55.17947006225586
2015-09-09,58.66999816894531,57.0099983215332,58.459999084472656,57.130001068115234,641200.0,54.54927444458008
2015-09-10,57.630001068115234,56.7599983215332,56.88999938964844,57.20000076293945,660500.0,54.61611557006836
2015-09-11,57.63999938964844,56.709999084472656,56.95000076293945,57.619998931884766,443400.0,55.01713562011719
2015-09-14,57.650001525878906,57.209999084472656,57.650001525878906,57.349998474121094,407400.0,54.759334564208984
2015-09-15,58.31999969482422,57.40999984741211,57.40999984741211,58.25,563700.0,55.61868667602539
2015-09-16,58.66999816894531,58.119998931884766,58.2400016784668,58.560001373291016,586300.0,55.9146842956543
2015-09-17,58.779998779296875,57.650001525878906,58.58000183105469,57.75,749100.0,55.141273498535156
2015-09-18,57.2599983215332,56.41999816894531,57.0099983215332,56.65999984741211,2821000.0,54.10051345825195
2015-09-21,57.70000076293945,56.83000183105469,56.900001525878906,57.5099983215332,743900.0,54.91210174560547
2015-09-22,56.9900016784668,56.40999984741211,56.77000045776367,56.7400016784668,479000.0,54.17689895629883
2015-09-23,57.150001525878906,56.619998931884766,56.77000045776367,56.88999938964844,529800.0,54.32012176513672
2015-09-24,57.0,56.27000045776367,56.65999984741211,56.849998474121094,517700.0,54.281925201416016
2015-09-25,57.790000915527344,57.11000061035156,57.4900016784668,57.38999938964844,602700.0,54.79752731323242
2015-09-28,57.08000183105469,56.13999938964844,57.0099983215332,56.2400016784668,527500.0,53.699485778808594
2015-09-29,56.790000915527344,56.13999938964844,56.41999816894531,56.66999816894531,615000.0,54.11005401611328
2015-09-30,57.33000183105469,56.189998626708984,57.150001525878906,56.400001525878906,1140400.0,53.98085021972656
2015-10-01,56.68000030517578,55.90999984741211,56.5,56.400001525878906,899700.0,53.98085021972656
2015-10-02,56.5099983215332,55.0099983215332,55.0099983215332,56.5099983215332,920200.0,54.08612823486328
2015-10-05,57.5,56.68000030517578,56.83000183105469,57.279998779296875,665200.0,54.82310104370117
2015-10-06,57.4900016784668,56.86000061035156,57.16999816894531,57.04999923706055,736200.0,54.60297775268555
2015-10-07,57.790000915527344,57.06999969482422,57.36000061035156,57.63999938964844,585500.0,55.16765213012695
2015-10-08,58.040000915527344,57.43000030517578,57.5,57.900001525878906,651100.0,55.41651153564453
2015-10-09,58.189998626708984,57.630001068115234,57.939998626708984,57.900001525878906,501300.0,55.41651153564453
2015-10-12,58.130001068115234,57.79999923706055,57.900001525878906,58.04999923706055,365700.0,55.56007385253906
2015-10-13,58.060001373291016,57.349998474121094,57.81999969482422,57.40999984741211,383800.0,54.947513580322266
2015-10-14,58.459999084472656,56.650001525878906,57.36000061035156,56.689998626708984,759800.0,54.258399963378906
2015-10-15,57.540000915527344,56.5,57.099998474121094,57.540000915527344,754300.0,55.07194519042969
2015-10-16,58.29999923706055,57.56999969482422,57.869998931884766,58.08000183105469,543400.0,55.58879089355469
2015-10-19,58.279998779296875,56.709999084472656,57.869998931884766,57.959999084472656,375100.0,55.473934173583984
2015-10-20,58.209999084472656,57.83000183105469,57.97999954223633,58.06999969482422,418700.0,55.57921600341797
2015-10-21,58.439998626708984,57.58000183105469,58.2599983215332,57.619998931884766,423400.0,55.14851379394531
2015-10-22,58.63999938964844,57.7599983215332,57.900001525878906,58.38999938964844,654000.0,55.88548278808594
2015-10-23,59.189998626708984,58.54999923706055,58.7599983215332,59.029998779296875,479300.0,56.498046875
2015-10-26,59.119998931884766,58.25,58.93000030517578,58.45000076293945,705100.0,55.94291305541992
2015-10-27,57.709999084472656,56.279998779296875,57.4900016784668,56.7599983215332,1710600.0,54.32540512084961
2015-10-28,58.459999084472656,56.58000183105469,56.7599983215332,58.43000030517578,1753000.0,55.92377471923828
2015-10-29,59.15999984741211,58.36000061035156,58.36000061035156,58.720001220703125,1264700.0,56.20133590698242
2015-10-30,58.959999084472656,57.95000076293945,58.790000915527344,58.0099983215332,757000.0,55.521793365478516
2015-11-02,59.130001068115234,58.18000030517578,58.18000030517578,59.0099983215332,711300.0,56.47889709472656
2015-11-03,58.9900016784668,58.560001373291016,58.810001373291016,58.75,562400.0,56.23005294799805
2015-11-04,58.95000076293945,58.29999923706055,58.7400016784668,58.40999984741211,380900.0,55.90462875366211
2015-11-05,58.720001220703125,58.20000076293945,58.36000061035156,58.560001373291016,228400.0,56.04820251464844
2015-11-06,59.86000061035156,58.779998779296875,59.189998626708984,59.7599983215332,732100.0,57.19672775268555
2015-11-09,59.7599983215332,58.599998474121094,59.7400016784668,59.349998474121094,892900.0,56.80430603027344
2015-11-10,60.29999923706055,59.119998931884766,59.119998931884766,60.04999923706055,627400.0,57.47428894042969
2015-11-11,60.369998931884766,59.7400016784668,60.2400016784668,59.779998779296875,559600.0,57.21586990356445
2015-11-12,59.54999923706055,58.7400016784668,59.22999954223633,58.7400016784668,498800.0,56.22047805786133
2015-11-13,58.84000015258789,58.38999938964844,58.61000061035156,58.54999923706055,528100.0,56.03862380981445
2015-11-16,59.529998779296875,58.400001525878906,58.45000076293945,59.52000045776367,481800.0,56.967018127441406
2015-11-17,60.20000076293945,59.150001525878906,59.58000183105469,59.650001525878906,765200.0,57.0914421081543
2015-11-18,60.13999938964844,59.43000030517578,59.720001220703125,59.97999954223633,721200.0,57.407291412353516
2015-11-19,60.38999938964844,59.7599983215332,60.0,60.220001220703125,398800.0,57.63699722290039
2015-11-20,60.7599983215332,60.15999984741211,60.40999984741211,60.529998779296875,497800.0,57.93369674682617
2015-11-23,60.88999938964844,60.310001373291016,60.529998779296875,60.459999084472656,410200.0,57.86669921875
2015-11-24,60.91999816894531,59.9900016784668,60.029998779296875,60.86000061035156,699300.0,58.249549865722656
2015-11-25,60.880001068115234,60.52000045776367,60.880001068115234,60.70000076293945,349200.0,58.09640884399414
2015-11-27,60.9900016784668,60.61000061035156,60.81999969482422,60.95000076293945,165500.0,58.335693359375
2015-11-30,61.02000045776367,60.47999954223633,60.970001220703125,60.619998931884766,850800.0,58.019832611083984
2015-12-01,61.279998779296875,60.880001068115234,60.97999954223633,61.189998626708984,809300.0,58.56540298461914
2015-12-02,61.41999816894531,60.709999084472656,61.279998779296875,60.79999923706055,466100.0,58.19212341308594
2015-12-03,60.970001220703125,59.709999084472656,60.970001220703125,59.970001220703125,592000.0,57.397727966308594
2015-12-04,61.04999923706055,59.970001220703125,60.11000061035156,60.97999954223633,495100.0,58.3643913269043
2015-12-07,61.08000183105469,60.29999923706055,60.86000061035156,60.720001220703125,464900.0,58.11554718017578
2015-12-08,60.47999954223633,59.97999954223633,60.13999938964844,60.18000030517578,370600.0,57.59870529174805
2015-12-09,60.61000061035156,59.34000015258789,59.95000076293945,59.529998779296875,852000.0,56.97659683227539
2015-12-10,60.02000045776367,59.36000061035156,59.529998779296875,59.58000183105469,544300.0,57.02444839477539
2015-12-11,59.2599983215332,58.18000030517578,58.56999969482422,58.47999954223633,516700.0,55.97163391113281
2015-12-14,59.0,57.0,58.650001525878906,57.279998779296875,1243300.0,54.82310104370117
2015-12-15,58.279998779296875,57.150001525878906,57.84000015258789,57.86000061035156,1079700.0,55.37822341918945
2015-12-16,58.45000076293945,57.63999938964844,58.310001373291016,58.27000045776367,873100.0,55.77063751220703
2015-12-17,58.709999084472656,56.619998931884766,58.5099983215332,56.9900016784668,1121300.0,54.5455436706543
2015-12-18,56.65999984741211,55.349998474121094,56.630001068115234,55.36000061035156,1379300.0,52.985450744628906
2015-12-21,56.060001373291016,55.33000183105469,55.7599983215332,55.7599983215332,660000.0,53.36830139160156
2015-12-22,56.68000030517578,55.599998474121094,56.08000183105469,56.630001068115234,741500.0,54.200984954833984
2015-12-23,57.2400016784668,56.63999938964844,56.90999984741211,57.2400016784668,608100.0,54.784828186035156
2015-12-24,57.5099983215332,57.09000015258789,57.22999954223633,57.27000045776367,210200.0,54.81352996826172
2015-12-28,57.310001373291016,56.720001220703125,56.939998626708984,57.290000915527344,337100.0,54.832672119140625
2015-12-29,57.959999084472656,57.459999084472656,57.7599983215332,57.84000015258789,345200.0,55.35908126831055
2015-12-30,57.88999938964844,57.4900016784668,57.790000915527344,57.59000015258789,338400.0,55.11981201171875
2015-12-31,57.79999923706055,57.06999969482422,57.5,57.15999984741211,567000.0,54.70824432373047
2016-01-04,56.349998474121094,55.2400016784668,56.02000045776367,56.31999969482422,977600.0,54.031890869140625
2016-01-05,57.189998626708984,56.16999816894531,56.2599983215332,57.0099983215332,1048900.0,54.69385528564453
2016-01-06,56.369998931884766,55.63999938964844,56.189998626708984,55.90999984741211,826000.0,53.63854217529297
2016-01-07,55.529998779296875,54.619998931884766,54.83000183105469,54.970001220703125,1212300.0,52.736732482910156
2016-01-08,55.56999969482422,54.369998931884766,55.369998931884766,54.41999816894531,863100.0,52.209075927734375
2016-01-11,54.959999084472656,53.880001068115234,54.52000045776367,54.439998626708984,967500.0,52.228267669677734
2016-01-12,55.029998779296875,54.220001220703125,54.849998474121094,54.630001068115234,972900.0,52.410545349121094
2016-01-13,55.630001068115234,53.09000015258789,55.060001373291016,53.52000045776367,1040000.0,51.345645904541016
2016-01-14,54.15999984741211,52.9900016784668,53.70000076293945,53.90999984741211,732300.0,51.71979522705078
2016-01-15,53.349998474121094,52.5099983215332,52.619998931884766,52.95000076293945,924600.0,50.79880142211914
2016-01-19,53.810001373291016,52.5099983215332,53.70000076293945,52.869998931884766,741600.0,50.722049713134766
2016-01-20,52.20000076293945,50.560001373291016,52.0,51.65999984741211,850500.0,49.56121063232422
2016-01-21,52.61000061035156,51.52000045776367,51.709999084472656,51.79999923706055,763800.0,49.69551467895508
2016-01-22,53.290000915527344,52.369998931884766,52.560001373291016,53.099998474121094,772200.0,50.94269943237305
2016-01-25,53.150001525878906,52.18000030517578,52.93000030517578,52.220001220703125,587400.0,50.09845733642578
2016-01-26,53.279998779296875,52.15999984741211,52.47999954223633,52.900001525878906,573600.0,50.750831604003906
2016-01-27,53.61000061035156,52.279998779296875,52.63999938964844,52.5099983215332,651700.0,50.37666702270508
2016-01-28,53.15999984741211,52.470001220703125,52.90999984741211,53.0099983215332,670900.0,50.85636901855469
2016-01-29,54.36000061035156,52.86000061035156,53.290000915527344,54.34000015258789,856600.0,52.13233184814453
2016-02-01,54.619998931884766,53.52000045776367,53.91999816894531,54.33000183105469,791000.0,52.122737884521484
2016-02-02,53.70000076293945,52.540000915527344,53.16999816894531,52.7599983215332,1102300.0,50.61651611328125
2016-02-03,53.27000045776367,51.77000045776367,53.20000076293945,52.2400016784668,1386100.0,50.11765670776367
2016-02-04,54.119998931884766,51.959999084472656,52.5,52.380001068115234,1911900.0,50.251956939697266
2016-02-05,53.060001373291016,52.20000076293945,52.459999084472656,52.81999969482422,1168100.0,50.67408752441406
2016-02-08,52.060001373291016,50.33000183105469,52.040000915527344,51.2400016784668,1224400.0,49.15827941894531
2016-02-09,51.5099983215332,50.38999938964844,50.689998626708984,51.11000061035156,869200.0,49.0335578918457
2016-02-10,51.810001373291016,50.86000061035156,51.40999984741211,51.04999923706055,870100.0,48.975990295410156
2016-02-11,50.060001373291016,48.470001220703125,49.56999969482422,48.58000183105469,1741400.0,46.60634994506836
2016-02-12,50.16999816894531,49.22999954223633,49.310001373291016,50.119998931884766,786300.0,48.08377456665039
2016-02-16,51.2400016784668,50.220001220703125,50.75,51.09000015258789,840700.0,49.014373779296875
2016-02-17,52.439998626708984,51.70000076293945,51.70000076293945,52.279998779296875,556300.0,50.15602111816406
2016-02-18,52.38999938964844,51.91999816894531,52.29999923706055,52.06999969482422,461200.0,49.954559326171875
2016-02-19,52.22999954223633,51.36000061035156,51.70000076293945,51.880001068115234,856300.0,49.77226638793945
2016-02-22,52.619998931884766,51.880001068115234,51.880001068115234,52.4900016784668,415100.0,50.35749816894531
2016-02-23,52.38999938964844,51.529998779296875,52.38999938964844,51.81999969482422,483500.0,49.7147102355957
2016-02-24,50.869998931884766,48.70000076293945,49.34000015258789,50.63999938964844,1265000.0,48.58264923095703
2016-02-25,51.45000076293945,50.77000045776367,50.77000045776367,51.40999984741211,654600.0,49.32136535644531
2016-02-26,52.58000183105469,51.709999084472656,51.90999984741211,52.16999816894531,569300.0,50.05048751831055
2016-02-29,52.4900016784668,51.209999084472656,52.04999923706055,51.220001220703125,720100.0,49.13908767700195
2016-03-01,53.0099983215332,51.619998931884766,51.619998931884766,52.970001220703125,719600.0,50.81798553466797
2016-03-02,53.470001220703125,52.83000183105469,53.099998474121094,53.439998626708984,747000.0,51.26889419555664
2016-03-03,53.650001525878906,53.130001068115234,53.36000061035156,53.290000915527344,822800.0,51.124996185302734
2016-03-04,54.04999923706055,53.04999923706055,53.7400016784668,53.439998626708984,656400.0,51.26889419555664
2016-03-07,53.709999084472656,52.939998626708984,52.9900016784668,53.689998626708984,501400.0,51.508731842041016
2016-03-08,53.290000915527344,52.34000015258789,53.099998474121094,52.61000061035156,608600.0,50.47261047363281
2016-03-09,53.47999954223633,52.5099983215332,53.0,52.869998931884766,530500.0,50.722049713134766
2016-03-10,53.470001220703125,52.189998626708984,53.09000015258789,52.91999816894531,556500.0,50.77001953125
2016-03-11,54.91999816894531,53.45000076293945,53.619998931884766,54.81999969482422,649000.0,52.59283447265625
2016-03-14,54.939998626708984,53.27000045776367,54.63999938964844,54.70000076293945,476100.0,52.47770690917969
2016-03-15,54.63999938964844,53.900001525878906,54.290000915527344,54.58000183105469,410700.0,52.362586975097656
2016-03-16,55.18000030517578,54.459999084472656,54.459999084472656,55.0,482800.0,52.76551818847656
2016-03-17,56.06999969482422,54.720001220703125,54.93000030517578,55.75,782900.0,53.485042572021484
2016-03-18,56.119998931884766,55.439998626708984,56.0099983215332,55.709999084472656,2034200.0,53.44667053222656
2016-03-21,56.40999984741211,55.220001220703125,55.54999923706055,55.439998626708984,758400.0,53.18764114379883
2016-03-22,55.459999084472656,54.68000030517578,54.959999084472656,55.11000061035156,531100.0,52.87104034423828
2016-03-23,55.16999816894531,54.689998626708984,55.13999938964844,54.70000076293945,391800.0,52.47770690917969
2016-03-24,54.4900016784668,53.630001068115234,54.20000076293945,54.130001068115234,582300.0,51.93086242675781
2016-03-28,54.599998474121094,53.9900016784668,54.31999969482422,54.41999816894531,389700.0,52.209075927734375
2016-03-29,54.279998779296875,53.61000061035156,54.25,54.25,579800.0,52.04598617553711
2016-03-30,55.369998931884766,54.43000030517578,54.459999084472656,54.79999923706055,461100.0,52.57364273071289
2016-03-31,54.689998626708984,53.959999084472656,54.65999984741211,54.15999984741211,562500.0,52.09272766113281
2016-04-01,54.779998779296875,53.689998626708984,53.9900016784668,54.689998626708984,405300.0,52.60249710083008
2016-04-04,54.66999816894531,53.939998626708984,54.59000015258789,54.060001373291016,478800.0,51.996543884277344
2016-04-05,53.95000076293945,53.40999984741211,53.529998779296875,53.599998474121094,440100.0,51.554115295410156
2016-04-06,54.15999984741211,53.369998931884766,53.560001373291016,53.970001220703125,519200.0,51.90998077392578
2016-04-07,53.630001068115234,52.459999084472656,53.5099983215332,52.83000183105469,619800.0,50.81349563598633
2016-04-08,53.88999938964844,53.16999816894531,53.380001068115234,53.38999938964844,629500.0,51.35211944580078
2016-04-11,54.060001373291016,53.310001373291016,53.7599983215332,53.59000015258789,438700.0,51.54448699951172
2016-04-12,54.790000915527344,53.470001220703125,53.79999923706055,54.7599983215332,589300.0,52.669822692871094
2016-04-13,55.54999923706055,54.95000076293945,55.20000076293945,55.400001525878906,390200.0,53.285404205322266
2016-04-14,55.849998474121094,55.209999084472656,55.439998626708984,55.45000076293945,362500.0,53.333492279052734
2016-04-15,55.72999954223633,55.220001220703125,55.439998626708984,55.560001373291016,677500.0,53.439300537109375
2016-04-18,55.849998474121094,54.9900016784668,55.290000915527344,55.79999923706055,293900.0,53.67013168334961
2016-04-19,56.41999816894531,55.93000030517578,56.08000183105469,56.31999969482422,381900.0,54.17028045654297
2016-04-20,57.150001525878906,56.310001373291016,56.5,57.0,478200.0,54.82433319091797
2016-04-21,57.040000915527344,56.15999984741211,56.84000015258789,56.279998779296875,514700.0,54.13181686401367
2016-04-22,57.38999938964844,56.36000061035156,56.47999954223633,57.130001068115234,562900.0,54.94936752319336
2016-04-25,57.040000915527344,56.52000045776367,56.81999969482422,57.040000915527344,600000.0,54.862796783447266
2016-04-26,57.36000061035156,56.900001525878906,57.13999938964844,57.16999816894531,589700.0,54.98783874511719
2016-04-27,58.84000015258789,57.5099983215332,58.0099983215332,58.349998474121094,702900.0,56.1227912902832
2016-04-28,58.88999938964844,57.66999816894531,57.970001220703125,58.02000045776367,545500.0,55.805397033691406
2016-04-29,58.16999816894531,57.58000183105469,57.93000030517578,57.88999938964844,538500.0,55.68035888671875
2016-05-02,58.36000061035156,57.75,58.18000030517578,57.9900016784668,733500.0,55.77653503417969
2016-05-03,57.61000061035156,56.849998474121094,57.20000076293945,57.56999969482422,489500.0,55.37256622314453
2016-05-04,57.810001373291016,56.88999938964844,57.09000015258789,57.810001373291016,704000.0,55.60341262817383
2016-05-05,58.20000076293945,57.47999954223633,57.70000076293945,57.95000076293945,633100.0,55.73806381225586
2016-05-06,58.20000076293945,57.15999984741211,57.52000045776367,58.13999938964844,725900.0,55.92082214355469
2016-05-09,58.33000183105469,57.790000915527344,57.95000076293945,58.20000076293945,660700.0,55.978519439697266
2016-05-10,59.0099983215332,58.439998626708984,58.439998626708984,58.790000915527344,695200.0,56.54600143432617
2016-05-11,59.099998474121094,58.540000915527344,58.650001525878906,58.560001373291016,443800.0,56.32477951049805
2016-05-12,59.150001525878906,58.02000045776367,58.81999969482422,58.54999923706055,659400.0,56.31516647338867
2016-05-13,58.83000183105469,58.02000045776367,58.40999984741211,58.29999923706055,719500.0,56.07470703125
2016-05-16,58.880001068115234,58.25,58.310001373291016,58.5099983215332,490900.0,56.276695251464844
2016-05-17,58.7599983215332,58.13999938964844,58.380001068115234,58.439998626708984,608000.0,56.20935821533203
2016-05-18,59.83000183105469,58.29999923706055,58.38999938964844,59.66999816894531,656100.0,57.39241027832031
2016-05-19,59.650001525878906,58.650001525878906,59.279998779296875,59.08000183105469,522500.0,56.82492446899414
2016-05-20,59.81999969482422,59.150001525878906,59.439998626708984,59.619998931884766,1123000.0,57.344322204589844
2016-05-23,59.650001525878906,59.119998931884766,59.47999954223633,59.439998626708984,493800.0,57.17119598388672
2016-05-24,60.869998931884766,59.7400016784668,59.88999938964844,60.529998779296875,849000.0,58.21958923339844
2016-05-25,61.0099983215332,60.400001525878906,60.65999984741211,60.470001220703125,632600.0,58.16188049316406
2016-05-26,60.470001220703125,60.099998474121094,60.43000030517578,60.40999984741211,451400.0,58.10416793823242
2016-05-27,60.95000076293945,60.20000076293945,60.4900016784668,60.939998626708984,372100.0,58.613929748535156
2016-05-31,61.709999084472656,60.939998626708984,61.290000915527344,61.630001068115234,1435600.0,59.277591705322266
2016-06-01,61.52000045776367,60.459999084472656,61.029998779296875,61.43000030517578,1289800.0,59.08523941040039
2016-06-02,61.5099983215332,61.040000915527344,61.2400016784668,61.5099983215332,691300.0,59.162174224853516
2016-06-03,60.93000030517578,60.119998931884766,60.790000915527344,60.45000076293945,671800.0,58.142642974853516
2016-06-06,60.9900016784668,60.43000030517578,60.65999984741211,60.880001068115234,489800.0,58.55622482299805
2016-06-07,61.150001525878906,60.689998626708984,60.91999816894531,60.939998626708984,367800.0,58.613929748535156
2016-06-08,61.209999084472656,60.58000183105469,61.0,61.150001525878906,436500.0,58.815921783447266
2016-06-09,60.95000076293945,60.38999938964844,60.810001373291016,60.63999938964844,412400.0,58.32538986206055
2016-06-10,60.349998474121094,59.88999938964844,60.15999984741211,60.18000030517578,653300.0,57.8829460144043
2016-06-13,60.7400016784668,59.75,59.849998474121094,59.88999938964844,769300.0,57.60401153564453
2016-06-14,60.34000015258789,59.63999938964844,59.72999954223633,59.83000183105469,571300.0,57.54630661010742
2016-06-15,59.959999084472656,59.2599983215332,59.84000015258789,59.33000183105469,739900.0,57.06539535522461
2016-06-16,60.040000915527344,58.70000076293945,58.970001220703125,59.95000076293945,605800.0,57.66172409057617
2016-06-17,60.279998779296875,59.709999084472656,60.08000183105469,60.09000015258789,879300.0,57.79637908935547
2016-06-20,61.38999938964844,60.68000030517578,60.86000061035156,60.720001220703125,590600.0,58.40233612060547
2016-06-21,61.15999984741211,60.630001068115234,60.869998931884766,60.93000030517578,361400.0,58.60432052612305
2016-06-22,61.47999954223633,61.029998779296875,61.029998779296875,61.09000015258789,379900.0,58.758209228515625
2016-06-23,62.38999938964844,61.709999084472656,61.97999954223633,62.38999938964844,384100.0,60.00859832763672
2016-06-24,60.709999084472656,59.279998779296875,59.31999969482422,59.61000061035156,1256000.0,57.33470153808594
2016-06-27,58.70000076293945,57.4900016784668,58.70000076293945,57.68000030517578,679700.0,55.47836685180664
2016-06-28,58.970001220703125,57.959999084472656,58.45000076293945,58.63999938964844,565400.0,56.4017333984375
2016-06-29,60.290000915527344,58.70000076293945,59.279998779296875,60.22999954223633,568400.0,58.06968307495117
2016-06-30,61.849998474121094,60.099998474121094,60.380001068115234,61.81999969482422,785500.0,59.6026496887207
2016-07-01,62.09000015258789,61.560001373291016,61.619998931884766,61.709999084472656,522400.0,59.49658203125
2016-07-05,60.9900016784668,60.209999084472656,60.9900016784668,60.380001068115234,793500.0,58.21430206298828
2016-07-06,60.66999816894531,59.25,60.06999969482422,60.560001373291016,664300.0,58.387840270996094
2016-07-07,61.18000030517578,60.040000915527344,60.56999969482422,60.540000915527344,846100.0,58.36856460571289
2016-07-08,61.38999938964844,60.849998474121094,61.220001220703125,61.31999969482422,715200.0,59.120574951171875
2016-07-11,62.04999923706055,61.439998626708984,61.66999816894531,61.459999084472656,312200.0,59.25556182861328
2016-07-12,62.349998474121094,61.540000915527344,62.08000183105469,62.060001373291016,1210400.0,59.83403015136719
2016-07-13,62.11000061035156,61.619998931884766,61.880001068115234,61.75,541100.0,59.535160064697266
2016-07-14,63.099998474121094,62.13999938964844,62.79999923706055,62.2400016784668,581000.0,60.0075798034668
2016-07-15,62.880001068115234,62.369998931884766,62.83000183105469,62.54999923706055,495600.0,60.30645751953125
2016-07-18,62.72999954223633,62.38999938964844,62.400001525878906,62.45000076293945,329600.0,60.210052490234375
2016-07-19,62.4900016784668,61.93000030517578,62.150001525878906,62.400001525878906,281700.0,60.16183853149414
2016-07-20,62.59000015258789,62.25,62.529998779296875,62.34000015258789,331400.0,60.1039924621582
2016-07-21,62.34000015258789,61.91999816894531,62.34000015258789,61.97999954223633,351800.0,59.75691223144531
2016-07-22,62.2599983215332,61.86000061035156,62.20000076293945,62.25,491200.0,60.01722717285156
2016-07-25,62.22999954223633,61.720001220703125,62.20000076293945,61.84000015258789,514000.0,59.62192916870117
2016-07-26,62.150001525878906,61.40999984741211,61.91999816894531,61.63999938964844,580700.0,59.429107666015625
2016-07-27,61.790000915527344,61.15999984741211,61.630001068115234,61.400001525878906,689600.0,59.19770431518555
2016-07-28,62.4900016784668,61.779998779296875,61.779998779296875,61.9900016784668,676000.0,59.76655197143555
2016-07-29,62.380001068115234,61.72999954223633,61.79999923706055,61.869998931884766,993400.0,59.650856018066406
2016-08-01,62.209999084472656,61.06999969482422,62.0,61.290000915527344,866500.0,59.0916633605957
2016-08-02,61.2400016784668,60.4900016784668,61.189998626708984,60.95000076293945,647000.0,58.76385498046875
2016-08-03,61.720001220703125,60.970001220703125,61.06999969482422,61.54999923706055,553500.0,59.34233093261719
2016-08-04,61.459999084472656,61.13999938964844,61.43000030517578,61.2400016784668,426800.0,59.04345703125
2016-08-05,62.2599983215332,61.720001220703125,61.939998626708984,62.11000061035156,724300.0,59.88225173950195
2016-08-08,62.189998626708984,61.779998779296875,62.04999923706055,61.939998626708984,528600.0,59.718345642089844
2016-08-09,62.27000045776367,61.869998931884766,62.04999923706055,62.11000061035156,366900.0,59.88225173950195
2016-08-10,62.310001373291016,61.869998931884766,62.13999938964844,62.029998779296875,375300.0,59.805118560791016
2016-08-11,62.36000061035156,61.939998626708984,62.150001525878906,61.95000076293945,545000.0,59.72797775268555
2016-08-12,61.5099983215332,60.91999816894531,61.4900016784668,61.099998474121094,643400.0,58.90847396850586
2016-08-15,62.369998931884766,61.38999938964844,61.38999938964844,62.209999084472656,658900.0,59.97865295410156
2016-08-16,62.25,61.83000183105469,61.970001220703125,62.029998779296875,411500.0,59.805118560791016
2016-08-17,62.400001525878906,61.91999816894531,62.150001525878906,62.400001525878906,462600.0,60.16183853149414
2016-08-18,62.54999923706055,62.22999954223633,62.369998931884766,62.529998779296875,357700.0,60.28718566894531
2016-08-19,62.959999084472656,61.959999084472656,62.31999969482422,62.900001525878906,528300.0,60.6439094543457
2016-08-22,62.869998931884766,62.40999984741211,62.869998931884766,62.720001220703125,270500.0,60.470367431640625
2016-08-23,63.11000061035156,62.81999969482422,62.880001068115234,62.970001220703125,282500.0,60.711395263671875
2016-08-24,63.56999969482422,62.90999984741211,62.90999984741211,63.400001525878906,437400.0,61.125980377197266
2016-08-25,63.810001373291016,63.22999954223633,63.33000183105469,63.79999923706055,327700.0,61.51162338256836
2016-08-26,64.01000213623047,63.0,63.88999938964844,63.439998626708984,659800.0,61.1645393371582
2016-08-29,64.26000213623047,63.58000183105469,63.63999938964844,64.01000213623047,436700.0,61.71409606933594
2016-08-30,64.55000305175781,64.05000305175781,64.16000366210938,64.55000305175781,376600.0,62.2347297668457
2016-08-31,64.73999786376953,64.08000183105469,64.58999633789062,64.68000030517578,464400.0,62.360050201416016
2016-09-01,64.95999908447266,64.06999969482422,64.83999633789062,64.63999938964844,483000.0,62.321502685546875
2016-09-02,65.0999984741211,64.66999816894531,64.88999938964844,65.08000183105469,403200.0,62.7457275390625
2016-09-06,65.19999694824219,64.81999969482422,65.04000091552734,65.05000305175781,367300.0,62.71680450439453
2016-09-07,65.0999984741211,64.56999969482422,64.88999938964844,64.83999633789062,451600.0,62.51432800292969
2016-09-08,65.08999633789062,64.75,64.95999908447266,64.8499984741211,334200.0,62.523963928222656
2016-09-09,65.19999694824219,64.30000305175781,64.33000183105469,64.37000274658203,643800.0,62.061195373535156
2016-09-12,64.87000274658203,63.810001373291016,63.95000076293945,64.70999908447266,769200.0,62.388999938964844
2016-09-13,64.88999938964844,63.970001220703125,64.13999938964844,64.41999816894531,579400.0,62.10939407348633
2016-09-14,64.83000183105469,64.25,64.51000213623047,64.44000244140625,393000.0,62.128684997558594
2016-09-15,64.98999786376953,64.3499984741211,64.4000015258789,64.75,452900.0,62.427555084228516
2016-09-16,64.43000030517578,63.720001220703125,64.43000030517578,63.84000015258789,884400.0,61.550193786621094
2016-09-19,64.55000305175781,63.939998626708984,64.08000183105469,64.06999969482422,490700.0,61.771942138671875
2016-09-20,64.5199966430664,63.97999954223633,64.41999816894531,64.37000274658203,429100.0,62.061195373535156
2016-09-21,65.27999877929688,64.56999969482422,64.76000213623047,65.20999908447266,316400.0,62.87104415893555
2016-09-22,65.5999984741211,64.7699966430664,65.52999877929688,64.86000061035156,425500.0,62.53361129760742
2016-09-23,64.80999755859375,63.84000015258789,63.95000076293945,63.849998474121094,523200.0,61.55983352661133
2016-09-26,63.630001068115234,63.040000915527344,63.52000045776367,63.20000076293945,417100.0,60.933162689208984
2016-09-27,63.54999923706055,62.959999084472656,63.060001373291016,63.47999954223633,477800.0,61.20310592651367
2016-09-28,63.970001220703125,63.150001525878906,63.52000045776367,63.93000030517578,381400.0,61.63697814941406
2016-09-29,64.05000305175781,62.970001220703125,63.81999969482422,63.22999954223633,374700.0,60.962066650390625
2016-09-30,64.19999694824219,63.36000061035156,63.58000183105469,63.88999938964844,585400.0,61.59840393066406
2016-10-03,64.05999755859375,63.529998779296875,63.63999938964844,63.77000045776367,477200.0,61.48270034790039
2016-10-04,64.30000305175781,63.7400016784668,63.81999969482422,63.900001525878906,416300.0,61.6080436706543
2016-10-05,64.87999725341797,63.97999954223633,64.02999877929688,64.72000122070312,632100.0,62.535640716552734
2016-10-06,64.9800033569336,64.33000183105469,64.9000015258789,64.37999725341797,591000.0,62.207115173339844
2016-10-07,64.52999877929688,63.900001525878906,64.4000015258789,64.37999725341797,369900.0,62.207115173339844
2016-10-10,65.04000091552734,64.54000091552734,64.83999633789062,64.81999969482422,386800.0,62.63227462768555
2016-10-11,65.0,63.970001220703125,64.56999969482422,64.20999908447266,474300.0,62.0428581237793
2016-10-12,64.58999633789062,64.1500015258789,64.31999969482422,64.38999938964844,576900.0,62.21678161621094
2016-10-13,63.869998931884766,63.2599983215332,63.869998931884766,63.619998931884766,395300.0,61.4727668762207
2016-10-14,64.33999633789062,63.63999938964844,64.08999633789062,63.7400016784668,651100.0,61.588722229003906
2016-10-17,64.13999938964844,63.68000030517578,63.880001068115234,63.72999954223633,438100.0,61.57905960083008
2016-10-18,64.55000305175781,64.08999633789062,64.43000030517578,64.30999755859375,448800.0,62.13947296142578
2016-10-19,64.80999755859375,64.4000015258789,64.5,64.41999816894531,343000.0,62.24576950073242
2016-10-20,64.30999755859375,63.75,64.16999816894531,63.88999938964844,233700.0,61.733665466308594
2016-10-21,63.650001525878906,63.15999984741211,63.40999984741211,63.47999954223633,266000.0,61.33749008178711
2016-10-24,63.97999954223633,63.560001373291016,63.81999969482422,63.65999984741211,281100.0,61.511417388916016
2016-10-25,63.720001220703125,63.040000915527344,63.63999938964844,63.189998626708984,456300.0,61.057289123535156
2016-10-26,64.08999633789062,63.11000061035156,63.77000045776367,63.16999816894531,369300.0,61.0379524230957
2016-10-27,63.900001525878906,63.09000015258789,63.900001525878906,63.34000015258789,643900.0,61.20221710205078
2016-10-28,63.95000076293945,62.959999084472656,63.5,63.369998931884766,493700.0,61.23120880126953
2016-10-31,64.19000244140625,63.38999938964844,63.709999084472656,63.40999984741211,907000.0,61.269859313964844
2016-11-01,63.720001220703125,62.86000061035156,63.720001220703125,63.33000183105469,536600.0,61.19255828857422
2016-11-02,63.56999969482422,63.09000015258789,63.15999984741211,63.310001373291016,414400.0,61.17323303222656
2016-11-03,63.970001220703125,63.290000915527344,63.43000030517578,63.810001373291016,412400.0,61.65635681152344
2016-11-04,64.05000305175781,63.369998931884766,63.84000015258789,63.650001525878906,513200.0,61.50175476074219
2016-11-07,65.05000305175781,64.55999755859375,64.68000030517578,64.9000015258789,537800.0,62.70956802368164
2016-11-08,65.69999694824219,64.61000061035156,64.80999755859375,65.43000030517578,389700.0,63.2216796875
2016-11-09,68.05000305175781,65.66000366210938,66.11000061035156,67.54000091552734,1013700.0,65.26046752929688
2016-11-10,70.22000122070312,68.3499984741211,70.22000122070312,69.58999633789062,887200.0,67.24127197265625
2016-11-11,70.16999816894531,69.08999633789062,69.45999908447266,70.0199966430664,606800.0,67.65675354003906
2016-11-14,71.48999786376953,70.44000244140625,70.69999694824219,70.80999755859375,596500.0,68.42008972167969
2016-11-15,70.68000030517578,69.68000030517578,70.5,69.98999786376953,779400.0,67.62777709960938
2016-11-16,70.06999969482422,69.13999938964844,69.63999938964844,69.19999694824219,553800.0,66.86443328857422
2016-11-17,70.31999969482422,69.1500015258789,69.1500015258789,70.16000366210938,488500.0,67.79204559326172
2016-11-18,70.44999694824219,69.31999969482422,69.44999694824219,70.05999755859375,842400.0,67.69539642333984
2016-11-21,70.41000366210938,69.66999816894531,70.37000274658203,70.37999725341797,370800.0,68.00460815429688
2016-11-22,70.75,70.11000061035156,70.51000213623047,70.66999816894531,448800.0,68.28483581542969
2016-11-23,71.06999969482422,70.5,70.8499984741211,70.91999816894531,599000.0,68.5263900756836
2016-11-25,71.0999984741211,70.6500015258789,70.94999694824219,71.0999984741211,144400.0,68.70030975341797
2016-11-28,70.9800033569336,69.55000305175781,70.7699966430664,69.58999633789062,865400.0,67.24127197265625
2016-11-29,70.18000030517578,69.58999633789062,69.88999938964844,69.66999816894531,659900.0,67.3185806274414
2016-11-30,70.5,69.91000366210938,70.27999877929688,70.08999633789062,767600.0,67.72439575195312
2016-12-01,71.41000366210938,70.48999786376953,70.56999969482422,71.36000061035156,532300.0,68.9515380859375
2016-12-02,71.44999694824219,70.58999633789062,71.30999755859375,70.9800033569336,441900.0,68.58436584472656
2016-12-05,71.73999786376953,71.05000305175781,71.62000274658203,71.52999877929688,610600.0,69.11580657958984
2016-12-06,72.4000015258789,71.2300033569336,71.69000244140625,72.29000091552734,603500.0,69.85014343261719
2016-12-07,73.3499984741211,72.13999938964844,72.55999755859375,73.29000091552734,682100.0,70.8163833618164
2016-12-08,74.33000183105469,73.36000061035156,73.4800033569336,74.0,502200.0,71.50243377685547
2016-12-09,73.98999786376953,73.27999877929688,73.87000274658203,73.69000244140625,524300.0,71.20289611816406
2016-12-12,73.80000305175781,72.72000122070312,73.44999694824219,73.02999877929688,574300.0,70.56517028808594
2016-12-13,73.58999633789062,72.69000244140625,73.12000274658203,73.4800033569336,384600.0,70.99999237060547
2016-12-14,74.23999786376953,73.08000183105469,73.22000122070312,73.44999694824219,687400.0,70.97099304199219
2016-12-15,74.2699966430664,73.45999908447266,73.54000091552734,73.73999786376953,420100.0,71.25121307373047
2016-12-16,73.81999969482422,73.12000274658203,73.75,73.3499984741211,1076700.0,70.87435913085938
2016-12-19,74.41000366210938,73.01000213623047,73.27999877929688,74.33999633789062,837400.0,71.8309555053711
2016-12-20,74.9000015258789,74.3499984741211,74.66000366210938,74.80000305175781,460800.0,72.27545166015625
2016-12-21,75.06999969482422,74.43000030517578,74.93000030517578,74.83000183105469,314700.0,72.3044204711914
2016-12-22,74.76000213623047,74.19000244140625,74.69999694824219,74.62000274658203,390700.0,72.10151672363281
2016-12-23,74.6500015258789,74.2300033569336,74.58000183105469,74.2699966430664,242300.0,71.76331329345703
2016-12-27,74.55999755859375,74.20999908447266,74.2699966430664,74.48999786376953,349200.0,71.97588348388672
2016-12-28,74.77999877929688,73.81999969482422,74.48999786376953,73.87999725341797,417700.0,71.38648986816406
2016-12-29,74.25,73.41000366210938,73.91000366210938,73.62999725341797,257600.0,71.1449203491211
2016-12-30,73.94999694824219,73.51000213623047,73.94999694824219,73.76000213623047,289600.0,71.27052307128906
2017-01-03,74.9800033569336,73.37000274658203,74.62999725341797,73.91999816894531,551600.0,71.4251480102539
2017-01-04,74.76000213623047,73.79000091552734,74.02999877929688,74.6500015258789,462700.0,72.26737976074219
2017-01-05,74.73999786376953,73.68000030517578,74.62999725341797,74.19000244140625,429900.0,71.82205963134766
2017-01-06,74.9000015258789,74.29000091552734,74.56999969482422,74.58999633789062,329600.0,72.20927429199219
2017-01-09,74.36000061035156,73.81999969482422,73.86000061035156,73.91000366210938,526200.0,71.55098724365234
2017-01-10,74.43000030517578,73.5999984741211,73.7699966430664,74.01000213623047,529100.0,71.64779663085938
2017-01-11,74.0199966430664,73.33999633789062,73.43000030517578,73.75,861100.0,71.3960952758789
2017-01-12,73.5999984741211,72.66000366210938,73.41999816894531,73.4000015258789,478100.0,71.05725860595703
2017-01-13,74.43000030517578,73.68000030517578,73.80000305175781,73.87999725341797,313700.0,71.52194213867188
2017-01-17,73.51000213623047,72.75,73.5,73.0,380100.0,70.6700210571289
2017-01-18,73.97000122070312,72.87999725341797,73.4800033569336,73.80999755859375,423900.0,71.45418548583984
2017-01-19,73.9000015258789,73.0199966430664,73.9000015258789,73.62000274658203,356800.0,71.27023315429688
2017-01-20,74.2699966430664,73.5,73.73999786376953,73.98999786376953,370000.0,71.62841033935547
2017-01-23,74.05999755859375,73.1500015258789,73.86000061035156,73.58999633789062,311700.0,71.24120330810547
2017-01-24,74.58000183105469,73.91000366210938,73.97000122070312,74.26000213623047,359500.0,71.88982391357422
2017-01-25,74.95999908447266,74.5,74.70999908447266,74.69000244140625,441200.0,72.30608367919922
2017-01-26,75.23999786376953,74.51000213623047,74.51000213623047,74.86000061035156,388700.0,72.47064971923828
2017-01-27,75.0,74.25,74.87000274658203,74.55000305175781,269400.0,72.17056274414062
2017-01-30,74.1500015258789,73.55999755859375,74.1500015258789,74.05000305175781,259000.0,71.68651580810547
2017-01-31,74.41000366210938,72.97000122070312,74.0199966430664,73.54000091552734,500600.0,71.19280242919922
2017-02-01,74.54000091552734,73.45999908447266,74.08999633789062,73.54000091552734,398300.0,71.19280242919922
2017-02-02,74.52999877929688,72.58999633789062,72.58999633789062,73.66000366210938,443300.0,71.3089828491211
2017-02-03,74.88999938964844,74.05000305175781,74.48999786376953,74.25,493300.0,71.88013458251953
2017-02-06,74.5199966430664,73.7699966430664,73.94999694824219,74.38999938964844,408000.0,72.01567077636719
2017-02-07,74.70999908447266,74.06999969482422,74.45999908447266,74.18000030517578,333000.0,71.81236267089844
2017-02-08,74.29000091552734,73.52999877929688,73.9000015258789,73.83000183105469,668900.0,71.47352600097656
2017-02-09,74.72000122070312,73.79000091552734,74.08999633789062,74.44999694824219,565000.0,72.07376098632812
2017-02-10,75.22000122070312,74.55999755859375,74.81999969482422,74.91999816894531,437900.0,72.52873992919922
2017-02-13,76.11000061035156,75.20999908447266,75.27999877929688,75.86000061035156,381800.0,73.43875122070312
2017-02-14,76.25,75.55999755859375,75.62000274658203,76.16999816894531,336400.0,73.73883819580078
2017-02-15,77.05000305175781,76.12000274658203,76.37999725341797,76.98999786376953,328900.0,74.53268432617188
2017-02-16,77.43000030517578,76.45999908447266,76.77999877929688,77.41999816894531,411400.0,74.94894409179688
2017-02-17,77.33000183105469,76.51000213623047,77.08000183105469,77.12000274658203,452500.0,74.65852355957031
2017-02-21,77.4000015258789,76.97000122070312,77.11000061035156,77.26000213623047,409000.0,74.79405212402344
2017-02-22,77.72000122070312,76.72000122070312,76.87000274658203,77.51000213623047,387800.0,75.03607177734375
2017-02-23,77.86000061035156,77.0999984741211,77.5999984741211,77.55999755859375,273900.0,75.08448028564453
2017-02-24,77.63999938964844,76.87000274658203,76.9800033569336,77.55000305175781,447700.0,75.07481384277344
2017-02-27,77.77999877929688,76.83999633789062,76.83999633789062,77.47000122070312,341900.0,74.99734497070312
2017-02-28,77.62000274658203,76.91999816894531,77.12999725341797,77.52999877929688,558400.0,75.05542755126953
2017-03-01,79.05000305175781,78.31999969482422,78.4800033569336,78.69999694824219,752800.0,76.18809509277344
2017-03-02,78.86000061035156,77.83999633789062,78.86000061035156,77.87999725341797,454700.0,75.39427185058594
2017-03-03,78.30000305175781,77.66999816894531,77.9800033569336,78.19000244140625,503900.0,75.69437408447266
2017-03-06,78.22000122070312,77.66999816894531,77.66999816894531,77.91999816894531,319300.0,75.43299865722656
2017-03-07,78.27999877929688,77.54000091552734,77.87000274658203,78.02999877929688,367300.0,75.53948211669922
2017-03-08,79.52999877929688,77.4800033569336,78.83999633789062,77.58999633789062,464400.0,75.11353302001953
2017-03-09,78.37000274658203,77.79000091552734,77.94999694824219,78.20999908447266,499700.0,75.71373748779297
2017-03-10,78.5199966430664,77.80999755859375,78.31999969482422,78.33999633789062,365300.0,75.839599609375
2017-03-13,78.58999633789062,78.05000305175781,78.29000091552734,78.37999725341797,350900.0,75.87830352783203
2017-03-14,78.51000213623047,77.94000244140625,78.08999633789062,78.41000366210938,378700.0,75.9073715209961
2017-03-15,78.75,78.22000122070312,78.45999908447266,78.62999725341797,376000.0,76.12033081054688
2017-03-16,79.05000305175781,78.5,78.83999633789062,78.70999908447266,384100.0,76.1977767944336
2017-03-17,78.97000122070312,78.08999633789062,78.7699966430664,78.62999725341797,766900.0,76.12033081054688
2017-03-20,78.88999938964844,78.05999755859375,78.5199966430664,78.41999816894531,444800.0,75.91703796386719
2017-03-21,78.81999969482422,76.47000122070312,78.7699966430664,76.56999969482422,636400.0,74.12608337402344
2017-03-22,76.66999816894531,75.7300033569336,76.31999969482422,76.4800033569336,670200.0,74.03895568847656
2017-03-23,77.13999938964844,76.08999633789062,76.33000183105469,76.55999755859375,593200.0,74.11641693115234
2017-03-24,77.29000091552734,76.27999877929688,76.69999694824219,76.58999633789062,358600.0,74.14543914794922
2017-03-27,76.43000030517578,75.3499984741211,75.47000122070312,76.33999633789062,365700.0,73.90341186523438
2017-03-28,77.3499984741211,76.20999908447266,76.2300033569336,76.91999816894531,469200.0,74.46491241455078
2017-03-29,76.69999694824219,75.95999908447266,76.63999938964844,76.23999786376953,573300.0,73.80659484863281
2017-03-30,77.26000213623047,76.02999877929688,76.02999877929688,77.16999816894531,431300.0,74.85420227050781
2017-03-31,77.41999816894531,76.86000061035156,77.02999877929688,77.04000091552734,550500.0,74.72811889648438
2017-04-03,77.37000274658203,75.83999633789062,77.1500015258789,76.66000366210938,454500.0,74.35951232910156
2017-04-04,76.88999938964844,76.3499984741211,76.63999938964844,76.81999969482422,355600.0,74.51472473144531
2017-04-05,77.36000061035156,75.94999694824219,77.29000091552734,76.02999877929688,339500.0,73.7484130859375
2017-04-06,76.51000213623047,75.47000122070312,75.95999908447266,76.26000213623047,447700.0,73.9715347290039
2017-04-07,76.51000213623047,75.5,75.83999633789062,76.16000366210938,382000.0,73.8745346069336
2017-04-10,76.41999816894531,75.7300033569336,76.05999755859375,76.08999633789062,367700.0,73.80660247802734
2017-04-11,76.23999786376953,75.41999816894531,75.76000213623047,76.2300033569336,492700.0,73.94243621826172
2017-04-12,76.2300033569336,75.05999755859375,76.2300033569336,75.38999938964844,328100.0,73.12763977050781
2017-04-13,75.62999725341797,74.4800033569336,75.16999816894531,74.4800033569336,474300.0,72.24493408203125
2017-04-17,75.63999938964844,74.55999755859375,74.7699966430664,75.55000305175781,535500.0,73.2828140258789
2017-04-18,75.5,74.63999938964844,75.1500015258789,75.0,351400.0,72.74933624267578
2017-04-19,75.5199966430664,74.5,75.51000213623047,74.76000213623047,622100.0,72.51652526855469
2017-04-20,76.73999786376953,75.11000061035156,75.41000366210938,76.0,854000.0,73.71931457519531
2017-04-21,76.70999908447266,75.6500015258789,75.95999908447266,76.33000183105469,748400.0,74.03942108154297
2017-04-24,77.9800033569336,76.79000091552734,77.86000061035156,77.27999877929688,798700.0,74.96089172363281
2017-04-25,78.0,77.0199966430664,77.80999755859375,77.2699966430664,544100.0,74.95121002197266
2017-04-26,77.55000305175781,76.97000122070312,77.12999725341797,77.06999969482422,583400.0,74.7572021484375
2017-04-27,77.93000030517578,77.11000061035156,77.19000244140625,77.43000030517578,811900.0,75.10640716552734
2017-04-28,77.62999725341797,76.63999938964844,77.38999938964844,76.70999908447266,412900.0,74.40800476074219
2017-05-01,77.13999938964844,76.58000183105469,77.06999969482422,76.9000015258789,382000.0,74.59231567382812
2017-05-02,77.19000244140625,76.69000244140625,76.80000305175781,76.76000213623047,375300.0,74.4565200805664
2017-05-03,77.13999938964844,76.5,76.58000183105469,76.87999725341797,361900.0,74.57292175292969
2017-05-04,77.76000213623047,76.45999908447266,77.30000305175781,76.70999908447266,601800.0,74.40800476074219
2017-05-05,76.91000366210938,76.37999725341797,76.83999633789062,76.83000183105469,332400.0,74.52442169189453
2017-05-08,77.12999725341797,76.37999725341797,76.9000015258789,76.62000274658203,252200.0,74.32070922851562
2017-05-09,76.8499984741211,75.9800033569336,76.7300033569336,76.04000091552734,357300.0,73.75812530517578
2017-05-10,76.29000091552734,75.62999725341797,75.80999755859375,76.12000274658203,541200.0,73.8357162475586
2017-05-11,76.01000213623047,75.0199966430664,75.88999938964844,75.58000183105469,473400.0,73.31193542480469
2017-05-12,75.56999969482422,75.05000305175781,75.16000366210938,75.23999786376953,417000.0,72.98213195800781
2017-05-15,76.08000183105469,75.20999908447266,75.41999816894531,76.0199966430664,471400.0,73.73870086669922
2017-05-16,76.63999938964844,75.5,76.31999969482422,75.63999938964844,518500.0,73.37010955810547
2017-05-17,75.63999938964844,73.98999786376953,75.63999938964844,74.11000061035156,492200.0,71.88605499267578
2017-05-18,74.98999786376953,74.06999969482422,74.11000061035156,74.56999969482422,522800.0,72.33224487304688
2017-05-19,75.06999969482422,74.19000244140625,74.70999908447266,74.37000274658203,813900.0,72.13823699951172
2017-05-22,74.91999816894531,74.38999938964844,74.75,74.75,382500.0,72.5068359375
2017-05-23,75.30000305175781,74.33000183105469,74.7699966430664,75.05999755859375,262400.0,72.80752563476562
2017-05-24,75.19000244140625,74.36000061035156,75.12000274658203,74.76000213623047,345200.0,72.51652526855469
2017-05-25,75.83000183105469,74.87000274658203,75.0999984741211,75.6500015258789,365600.0,73.37982940673828
2017-05-26,75.5999984741211,75.18000030517578,75.44000244140625,75.2300033569336,230600.0,72.97242736816406
2017-05-30,75.43000030517578,74.79000091552734,74.9800033569336,75.2699966430664,247700.0,73.01121520996094
2017-05-31,75.54000091552734,74.5999984741211,75.37000274658203,75.5,1007000.0,73.23432159423828
2017-06-01,76.62000274658203,75.26000213623047,75.7300033569336,76.58999633789062,443900.0,74.29161071777344
2017-06-02,76.87999725341797,76.05999755859375,76.38999938964844,76.47000122070312,374300.0,74.17521667480469
2017-06-05,76.83999633789062,75.83000183105469,76.37000274658203,75.86000061035156,361700.0,73.58352661132812
2017-06-06,75.55999755859375,74.70999908447266,75.44000244140625,74.80000305175781,562800.0,72.55533599853516
2017-06-07,75.16000366210938,74.54000091552734,74.8499984741211,74.70999908447266,467700.0,72.46803283691406
2017-06-08,75.79000091552734,74.61000061035156,74.70999908447266,75.29000091552734,620500.0,73.03063201904297
2017-06-09,76.83999633789062,75.20999908447266,75.58000183105469,76.76000213623047,462300.0,74.4565200805664
2017-06-12,77.12000274658203,76.56999969482422,76.7300033569336,76.62999725341797,374700.0,74.33042907714844
2017-06-13,77.08999633789062,76.5199966430664,76.69999694824219,76.95999908447266,276000.0,74.65049743652344
2017-06-14,76.95999908447266,75.98999786376953,76.54000091552734,76.94000244140625,277300.0,74.63111114501953
2017-06-15,77.08999633789062,76.18000030517578,76.66000366210938,76.98999786376953,353100.0,74.67961883544922
2017-06-16,77.29000091552734,76.2300033569336,77.11000061035156,77.23999786376953,904700.0,74.922119140625
2017-06-19,77.80000305175781,77.22000122070312,77.63999938964844,77.7699966430664,473400.0,75.43621063232422
2017-06-20,77.73999786376953,77.1500015258789,77.4800033569336,77.20999908447266,528700.0,74.89301300048828
2017-06-21,77.27999877929688,76.06999969482422,77.20999908447266,76.13999938964844,408100.0,73.8551025390625
2017-06-22,76.08000183105469,75.26000213623047,75.9000015258789,75.63999938964844,438200.0,73.37010955810547
2017-06-23,75.93000030517578,75.31999969482422,75.83000183105469,75.68000030517578,827500.0,73.40892028808594
2017-06-26,76.33999633789062,75.31999969482422,75.87000274658203,75.95999908447266,602700.0,73.68053436279297
2017-06-27,76.37000274658203,75.66999816894531,76.16999816894531,75.66999816894531,479000.0,73.39923858642578
2017-06-28,76.95999908447266,76.04000091552734,76.08000183105469,76.80999755859375,852000.0,74.50501251220703
2017-06-29,77.91000366210938,75.83000183105469,77.91000366210938,76.31999969482422,518500.0,74.02971649169922
2017-06-30,76.87999725341797,76.02999877929688,76.56999969482422,76.5,666600.0,74.35044860839844
2017-07-03,78.23999786376953,76.8499984741211,77.05999755859375,77.25,284500.0,75.0793685913086
2017-07-05,77.48999786376953,76.66999816894531,77.48999786376953,76.80000305175781,456800.0,74.64201354980469
2017-07-06,77.33999633789062,76.43000030517578,76.75,76.7300033569336,621900.0,74.57398223876953
2017-07-07,77.86000061035156,76.87999725341797,77.04000091552734,77.63999938964844,346400.0,75.45841217041016
2017-07-10,78.05999755859375,77.33000183105469,77.43000030517578,77.86000061035156,414900.0,75.67223358154297
2017-07-11,77.9800033569336,77.31999969482422,77.86000061035156,77.44999694824219,291500.0,75.27374267578125
2017-07-12,77.88999938964844,77.2699966430664,77.44000244140625,77.80000305175781,241000.0,75.61392211914062
2017-07-13,78.4000015258789,77.66999816894531,77.7699966430664,78.2300033569336,254600.0,76.03182983398438
2017-07-14,78.52999877929688,77.36000061035156,77.58999633789062,78.1500015258789,238700.0,75.95408630371094
2017-07-17,78.44999694824219,77.66999816894531,78.13999938964844,78.37000274658203,291700.0,76.16791534423828
2017-07-18,78.4000015258789,77.95999908447266,77.95999908447266,78.08999633789062,551400.0,75.89578247070312
2017-07-19,78.4000015258789,77.9800033569336,78.19000244140625,78.20999908447266,329600.0,76.01238250732422
2017-07-20,78.73999786376953,78.16999816894531,78.33000183105469,78.23999786376953,213600.0,76.04155731201172
2017-07-21,78.55000305175781,78.05999755859375,78.18000030517578,78.31999969482422,333500.0,76.11930847167969
2017-07-24,78.62999725341797,78.25,78.33000183105469,78.48999786376953,216800.0,76.2845230102539
2017-07-25,79.36000061035156,78.72000122070312,79.31999969482422,78.79000091552734,405300.0,76.57609558105469
2017-07-26,78.83000183105469,77.91000366210938,78.83000183105469,77.95999908447266,248500.0,75.76942443847656
2017-07-27,79.37000274658203,77.94000244140625,79.37000274658203,78.80000305175781,540500.0,76.5858154296875
2017-07-28,79.19999694824219,78.19999694824219,78.91999816894531,78.88999938964844,498900.0,76.67327117919922
2017-07-31,79.31999969482422,78.80000305175781,79.16999816894531,78.97000122070312,373200.0,76.75104522705078
2017-08-01,79.30000305175781,78.2699966430664,79.30000305175781,79.12000274658203,527100.0,76.89682006835938
2017-08-02,79.3499984741211,78.68000030517578,78.9800033569336,78.93000030517578,440400.0,76.71217346191406
2017-08-03,79.05999755859375,78.68000030517578,78.8499984741211,78.83999633789062,336300.0,76.62468719482422
2017-08-04,79.31999969482422,78.9800033569336,79.08999633789062,79.06999969482422,213500.0,76.84822845458984
2017-08-07,79.11000061035156,78.83999633789062,79.04000091552734,78.9800033569336,288100.0,76.7607650756836
2017-08-08,79.9000015258789,78.94999694824219,78.94999694824219,79.2699966430664,394300.0,77.04261016845703
2017-08-09,79.26000213623047,78.38999938964844,78.88999938964844,79.2300033569336,541200.0,77.00374603271484
2017-08-10,79.04000091552734,78.4000015258789,78.6500015258789,78.44999694824219,613800.0,76.24564361572266
2017-08-11,78.70999908447266,78.13999938964844,78.54000091552734,78.16000366210938,358700.0,75.96380615234375
2017-08-14,79.02999877929688,78.66000366210938,78.75,78.7699966430664,286700.0,76.5566635131836
2017-08-15,79.47000122070312,78.81999969482422,79.06999969482422,78.86000061035156,379000.0,76.64413452148438
2017-08-16,79.48999786376953,78.69000244140625,79.20999908447266,78.75,351300.0,76.53723907470703
2017-08-17,78.70999908447266,76.80000305175781,78.62000274658203,76.8499984741211,521000.0,74.69062042236328
2017-08-18,77.08000183105469,76.33000183105469,76.7300033569336,76.61000061035156,491000.0,74.45732879638672
2017-08-21,76.77999877929688,76.25,76.5999984741211,76.5199966430664,410200.0,74.36986541748047
2017-08-22,77.4800033569336,76.69999694824219,76.75,77.43000030517578,351400.0,75.25431823730469
2017-08-23,77.66999816894531,76.91999816894531,76.91999816894531,77.30000305175781,304500.0,75.12796783447266
2017-08-24,77.62000274658203,77.06999969482422,77.48999786376953,77.0999984741211,255100.0,74.9335708618164
2017-08-25,77.83999633789062,77.30000305175781,77.44999694824219,77.69999694824219,279500.0,75.5167236328125
2017-08-28,77.70999908447266,77.11000061035156,77.70999908447266,77.20999908447266,357300.0,75.04048919677734
2017-08-29,76.98999786376953,76.55999755859375,76.58999633789062,76.80999755859375,320400.0,74.6517333984375
2017-08-30,77.20999908447266,76.79000091552734,76.79000091552734,76.94000244140625,236300.0,74.77808380126953
2017-08-31,77.19000244140625,76.70999908447266,77.12999725341797,76.97000122070312,517000.0,74.8072509765625
2017-09-01,77.83999633789062,77.19000244140625,77.27999877929688,77.5199966430664,365000.0,75.34178161621094
2017-09-05,76.98999786376953,75.77999877929688,76.98999786376953,75.87000274658203,425800.0,73.73814392089844
2017-09-06,76.41999816894531,75.93000030517578,76.22000122070312,76.05000305175781,497500.0,73.91309356689453
2017-09-07,76.05999755859375,74.4800033569336,76.05999755859375,74.68000030517578,404200.0,72.58158874511719
2017-09-08,76.37000274658203,74.56999969482422,74.56999969482422,76.06999969482422,458500.0,73.93252563476562
2017-09-11,77.16000366210938,76.16000366210938,76.7699966430664,76.83999633789062,403000.0,74.6808853149414
2017-09-12,77.77999877929688,76.9800033569336,77.0999984741211,77.77999877929688,257400.0,75.59447479248047
2017-09-13,77.47000122070312,76.97000122070312,77.44999694824219,77.16000366210938,370300.0,74.99191284179688
2017-09-14,77.37999725341797,76.68000030517578,77.06999969482422,76.93000030517578,345300.0,74.76836395263672
2017-09-15,77.30000305175781,76.69999694824219,76.8499984741211,77.22000122070312,658200.0,75.05020904541016
2017-09-18,77.62000274658203,77.05999755859375,77.38999938964844,77.52999877929688,333300.0,75.35150146484375
2017-09-19,78.0,77.41999816894531,77.55000305175781,77.88999938964844,385600.0,75.70140838623047
2017-09-20,78.93000030517578,77.61000061035156,78.0199966430664,78.62000274658203,389200.0,76.4108657836914
2017-09-21,78.91000366210938,78.37999725341797,78.56999969482422,78.6500015258789,329200.0,76.44003295898438
2017-09-22,78.79000091552734,78.30000305175781,78.48999786376953,78.63999938964844,275700.0,76.43031311035156
2017-09-25,78.94999694824219,78.16000366210938,78.5,78.91999816894531,611000.0,76.70243072509766
2017-09-26,79.12999725341797,78.54000091552734,78.94999694824219,78.87000274658203,420500.0,76.65384674072266
2017-09-27,80.0999984741211,79.37000274658203,79.52999877929688,79.83999633789062,432500.0,77.59659576416016
2017-09-28,79.83999633789062,79.4000015258789,79.75,79.73999786376953,305100.0,77.49939727783203
2017-09-29,80.30000305175781,79.61000061035156,79.62000274658203,80.08999633789062,490300.0,77.8395767211914
2017-10-02,80.51000213623047,79.79000091552734,80.16999816894531,80.33000183105469,380800.0,78.07283020019531
2017-10-03,80.43000030517578,79.94000244140625,80.26000213623047,80.41000366210938,244300.0,78.15058135986328
2017-10-04,80.5999984741211,80.1500015258789,80.30999755859375,80.31999969482422,263400.0,78.0630874633789
2017-10-05,81.01000213623047,80.22000122070312,80.22000122070312,80.80999755859375,218000.0,78.68628692626953
2017-10-06,81.16999816894531,80.4000015258789,81.01000213623047,80.80999755859375,371900.0,78.68628692626953
2017-10-09,81.08000183105469,80.43000030517578,80.97000122070312,80.52999877929688,240700.0,78.41364288330078
2017-10-10,80.97000122070312,80.4800033569336,80.52999877929688,80.93000030517578,359600.0,78.80314636230469
2017-10-11,81.0999984741211,80.27999877929688,80.81999969482422,81.0999984741211,349900.0,78.96866607666016
2017-10-12,81.62000274658203,80.91000366210938,81.0999984741211,81.52999877929688,428600.0,79.38735961914062
2017-10-13,81.91999816894531,81.27999877929688,81.56999969482422,81.61000061035156,304200.0,79.46524810791016
2017-10-16,82.08000183105469,81.58999633789062,81.58999633789062,82.05000305175781,225200.0,79.89369201660156
2017-10-17,82.25,81.58999633789062,82.0999984741211,81.88999938964844,433700.0,79.73789978027344
2017-10-18,82.43000030517578,82.02999877929688,82.1500015258789,82.16000366210938,306100.0,80.00081634521484
2017-10-19,82.55000305175781,81.77999877929688,81.86000061035156,82.52999877929688,225800.0,80.361083984375
2017-10-20,83.4800033569336,82.91999816894531,83.37999725341797,83.12000274658203,459800.0,80.93557739257812
2017-10-23,83.73999786376953,82.88999938964844,83.27999877929688,83.69999694824219,394000.0,81.50033569335938
2017-10-24,84.06999969482422,83.44000244140625,83.69000244140625,83.87999725341797,384600.0,81.67560577392578
2017-10-25,86.5,83.11000061035156,84.4800033569336,84.58000183105469,729500.0,82.3572006225586
2017-10-26,85.48999786376953,82.05000305175781,84.95999908447266,85.08000183105469,880500.0,82.8440933227539
2017-10-27,85.38999938964844,84.36000061035156,84.95999908447266,84.95999908447266,442000.0,82.72722625732422
2017-10-30,85.12000274658203,84.44000244140625,84.5999984741211,84.5199966430664,399700.0,82.29878997802734
2017-10-31,84.91999816894531,84.0,84.8499984741211,84.12999725341797,390500.0,81.91903686523438
2017-11-01,85.06999969482422,84.2699966430664,84.54000091552734,84.76000213623047,376300.0,82.532470703125
2017-11-02,85.7300033569336,84.63999938964844,84.75,85.54000091552734,424900.0,83.29198455810547
2017-11-03,85.80999755859375,85.19000244140625,85.26000213623047,85.41999816894531,558800.0,83.17514038085938
2017-11-06,85.75,84.80999755859375,85.27999877929688,85.68000030517578,468500.0,83.42830657958984
2017-11-07,86.22000122070312,84.91000366210938,85.5999984741211,85.18000030517578,431100.0,82.94144439697266
2017-11-08,85.55000305175781,84.86000061035156,85.05999755859375,85.23999786376953,521100.0,82.99987030029297
2017-11-09,85.20999908447266,84.1500015258789,84.86000061035156,84.5,474000.0,82.27930450439453
2017-11-10,84.6500015258789,83.66000366210938,84.61000061035156,84.26000213623047,527600.0,82.04562377929688
2017-11-13,84.76000213623047,83.95999908447266,84.13999938964844,84.69000244140625,441000.0,82.46432495117188
2017-11-14,85.36000061035156,84.23999786376953,84.4000015258789,85.18000030517578,558200.0,82.94144439697266
2017-11-15,85.8499984741211,84.5999984741211,84.70999908447266,85.37000274658203,663000.0,83.12644958496094
2017-11-16,85.87999725341797,84.94000244140625,85.54000091552734,85.01000213623047,493200.0,82.77592468261719
2017-11-17,85.72000122070312,84.55999755859375,84.68000030517578,85.44000244140625,517000.0,83.19461822509766
2017-11-20,85.54000091552734,84.91999816894531,85.5,85.08000183105469,420200.0,82.8440933227539
2017-11-21,85.5999984741211,85.20999908447266,85.31999969482422,85.2699966430664,469100.0,83.02909088134766
2017-11-22,85.37000274658203,84.76000213623047,85.29000091552734,85.16999816894531,279700.0,82.93169403076172
2017-11-24,85.5199966430664,85.0999984741211,85.38999938964844,85.16000366210938,173600.0,82.92198181152344
2017-11-27,86.02999877929688,85.11000061035156,85.22000122070312,85.73999786376953,364900.0,83.48672485351562
2017-11-28,87.66000366210938,86.05999755859375,86.05999755859375,87.52999877929688,724400.0,85.22969055175781
2017-11-29,89.54000091552734,87.83000183105469,87.83000183105469,89.08999633789062,456000.0,86.74868774414062
2017-11-30,90.31999969482422,88.75,89.4000015258789,88.8499984741211,947200.0,86.51497650146484
2017-12-01,89.08999633789062,86.69000244140625,89.08999633789062,88.52999877929688,623400.0,86.20340728759766
2017-12-04,89.87999725341797,88.79000091552734,89.62000274658203,89.4000015258789,702600.0,87.05054473876953
2017-12-05,90.06999969482422,88.81999969482422,89.66000366210938,89.0,531300.0,86.66106414794922
2017-12-06,89.7300033569336,88.69999694824219,88.87999725341797,89.02999877929688,555900.0,86.69026184082031
2017-12-07,89.37000274658203,88.7699966430664,88.7699966430664,89.16999816894531,290500.0,86.82658386230469
2017-12-08,90.13999938964844,89.08000183105469,89.4800033569336,89.94999694824219,506300.0,87.58607482910156
2017-12-11,90.08999633789062,89.37999725341797,89.86000061035156,89.62999725341797,461500.0,87.27449798583984
2017-12-12,90.01000213623047,89.19999694824219,89.75,89.7699966430664,521400.0,87.41080474853516
2017-12-13,90.3499984741211,89.2699966430664,89.66999816894531,89.30999755859375,769800.0,86.96289825439453
2017-12-14,89.83000183105469,88.7699966430664,89.41000366210938,88.86000061035156,471700.0,86.52472686767578
2017-12-15,90.27999877929688,88.9000015258789,89.27999877929688,89.61000061035156,991500.0,87.25502014160156
2017-12-18,90.2699966430664,89.48999786376953,90.12999725341797,89.87000274658203,572100.0,87.50818634033203
2017-12-19,90.80999755859375,89.9800033569336,90.31999969482422,90.13999938964844,717700.0,87.77108764648438
2017-12-20,90.87000274658203,90.18000030517578,90.68000030517578,90.41999816894531,644300.0,88.04373168945312
2017-12-21,90.9800033569336,90.20999908447266,90.87999725341797,90.51000213623047,628800.0,88.1313705444336
2017-12-22,91.0,90.12000274658203,90.98999786376953,90.69000244140625,376500.0,88.306640625
2017-12-26,90.94999694824219,90.38999938964844,90.70999908447266,90.62999725341797,169500.0,88.24822235107422
2017-12-27,90.91999816894531,90.37999725341797,90.5199966430664,90.69000244140625,247300.0,88.306640625
2017-12-28,91.19000244140625,90.55999755859375,90.97000122070312,91.16000366210938,274600.0,88.76429748535156
2017-12-29,91.29000091552734,90.70999908447266,91.25,90.70999908447266,279600.0,88.32611846923828
2018-01-02,91.41999816894531,90.08000183105469,91.41999816894531,90.20999908447266,515400.0,87.83924865722656
2018-01-03,90.55999755859375,89.98999786376953,90.19999694824219,90.47000122070312,460200.0,88.0924301147461
2018-01-04,91.29000091552734,90.58000183105469,90.58000183105469,90.69999694824219,464800.0,88.46304321289062
2018-01-05,91.08999633789062,90.4800033569336,90.93000030517578,91.05999755859375,749600.0,88.81417083740234
2018-01-08,91.44000244140625,90.7300033569336,91.19999694824219,91.33000183105469,426500.0,89.0775146484375
2018-01-09,92.7300033569336,91.70999908447266,91.70999908447266,92.06999969482422,508000.0,89.79926300048828
2018-01-10,93.19999694824219,92.0199966430664,92.26000213623047,92.76000213623047,367600.0,90.47224426269531
2018-01-11,93.33999633789062,92.62000274658203,93.11000061035156,92.86000061035156,622100.0,90.56977081298828
2018-01-12,93.1500015258789,91.6500015258789,93.1500015258789,92.25,727700.0,89.97480773925781
2018-01-16,92.63999938964844,91.05999755859375,92.31999969482422,91.41999816894531,727800.0,89.16529083251953
2018-01-17,92.55999755859375,91.5,91.81999969482422,92.02999877929688,594100.0,89.76024627685547
2018-01-18,92.62000274658203,91.5,92.30999755859375,91.66000366210938,558200.0,89.39937591552734
2018-01-19,92.45999908447266,91.56999969482422,91.98999786376953,92.1500015258789,545700.0,89.87728881835938
2018-01-22,92.80000305175781,92.0199966430664,92.43000030517578,92.77999877929688,466600.0,90.49173736572266
2018-01-23,92.95999908447266,92.2300033569336,92.4800033569336,92.7699966430664,373400.0,90.48198699951172
2018-01-24,93.31999969482422,92.52999877929688,93.13999938964844,93.06999969482422,625400.0,90.77459716796875
2018-01-25,93.26000213623047,92.47000122070312,93.26000213623047,92.70999908447266,299000.0,90.42347717285156
2018-01-26,93.44999694824219,92.44999694824219,92.9000015258789,93.31999969482422,558700.0,91.01842498779297
2018-01-29,93.5999984741211,92.33000183105469,93.22000122070312,92.33999633789062,548500.0,90.06259155273438
2018-01-30,92.45999908447266,91.18000030517578,91.7699966430664,91.33000183105469,745500.0,89.0775146484375
2018-01-31,91.75,90.45999908447266,91.30000305175781,90.8499984741211,853800.0,88.6093521118164
2018-02-01,91.4000015258789,90.2699966430664,90.86000061035156,90.73999786376953,1095600.0,88.50205993652344
2018-02-02,90.6500015258789,88.19000244140625,90.44000244140625,88.20999908447266,796900.0,86.03445434570312
2018-02-05,87.9000015258789,83.55000305175781,87.43000030517578,83.95999908447266,1356500.0,81.8892822265625
2018-02-06,84.08999633789062,81.5999984741211,81.98999786376953,83.41999816894531,1357300.0,81.36259460449219
2018-02-07,84.44000244140625,82.70999908447266,83.05999755859375,83.27999877929688,976500.0,81.22603607177734
2018-02-08,84.0199966430664,80.43000030517578,83.27999877929688,80.5199966430664,1109800.0,78.53411102294922
2018-02-09,83.12000274658203,81.04000091552734,81.55000305175781,82.63999938964844,1226800.0,80.60184478759766
2018-02-12,84.30999755859375,82.31999969482422,83.26000213623047,83.52999877929688,974400.0,81.46989440917969
2018-02-13,84.33000183105469,82.70999908447266,82.83999633789062,84.04000091552734,680400.0,81.96731567382812
2018-02-14,86.36000061035156,83.62999725341797,83.70999908447266,86.30000305175781,771700.0,84.17157745361328
2018-02-15,86.94999694824219,85.63999938964844,86.91000366210938,86.12000274658203,525600.0,83.99601745605469
2018-02-16,87.01000213623047,85.76000213623047,85.80000305175781,86.6500015258789,698200.0,84.51293182373047
2018-02-20,87.16000366210938,86.05000305175781,86.58000183105469,86.37999725341797,606300.0,84.24958801269531
2018-02-21,87.55000305175781,86.05999755859375,86.19999694824219,86.16999816894531,572900.0,84.04476165771484
2018-02-22,86.93000030517578,85.58000183105469,86.5,85.63999938964844,722100.0,83.52783966064453
2018-02-23,86.55000305175781,85.68000030517578,85.86000061035156,86.51000213623047,350300.0,84.37638854980469
2018-02-26,87.62000274658203,86.3499984741211,86.79000091552734,87.5999984741211,433400.0,85.43949890136719
2018-02-27,88.16000366210938,86.98999786376953,87.5,86.98999786376953,510700.0,84.84455108642578
2018-02-28,87.5999984741211,85.33999633789062,87.41000366210938,85.37000274658203,507600.0,83.2645034790039
2018-03-01,85.61000061035156,82.73999786376953,85.44999694824219,83.16999816894531,815900.0,81.11875915527344
2018-03-02,83.18000030517578,81.55999755859375,82.3499984741211,82.95999908447266,832700.0,80.91395568847656
2018-03-05,84.61000061035156,82.1500015258789,82.38999938964844,84.11000061035156,794100.0,82.03557586669922
2018-03-06,84.8499984741211,83.62999725341797,84.22000122070312,84.72000122070312,784400.0,82.63053131103516
2018-03-07,85.08000183105469,83.77999877929688,83.91000366210938,84.83999633789062,504200.0,82.7475814819336
2018-03-08,85.66000366210938,84.05000305175781,85.12999725341797,85.62000274658203,651200.0,83.50833892822266
2018-03-09,87.4000015258789,85.9000015258789,86.05999755859375,87.33999633789062,572800.0,85.1859130859375
2018-03-12,87.73999786376953,86.70999908447266,87.1500015258789,87.0199966430664,630200.0,84.8738021850586
2018-03-13,87.52999877929688,86.06999969482422,87.52999877929688,86.37999725341797,625500.0,84.24958801269531
2018-03-14,86.83999633789062,85.05999755859375,86.83999633789062,85.23999786376953,490500.0,83.13770294189453
2018-03-15,85.77999877929688,85.13999938964844,85.41999816894531,85.54000091552734,575200.0,83.43031311035156
2018-03-16,85.9800033569336,85.19999694824219,85.47000122070312,85.58999633789062,1345600.0,83.47906494140625
2018-03-19,85.66000366210938,84.55000305175781,85.66000366210938,85.44000244140625,726000.0,83.3327865600586
2018-03-20,86.31999969482422,85.55999755859375,85.8499984741211,86.02999877929688,475700.0,83.90821838378906
2018-03-21,86.91999816894531,85.91999816894531,86.16999816894531,86.05999755859375,649700.0,83.93748474121094
2018-03-22,85.6500015258789,83.72000122070312,85.05000305175781,83.83000183105469,554500.0,81.76246643066406
2018-03-23,84.11000061035156,80.77999877929688,84.11000061035156,80.91000366210938,560000.0,78.91451263427734
2018-03-26,84.29000091552734,82.11000061035156,82.37000274658203,84.12000274658203,813100.0,82.04533386230469
2018-03-27,84.66000366210938,82.76000213623047,84.66000366210938,83.16999816894531,676400.0,81.11875915527344
2018-03-28,84.12000274658203,82.66999816894531,83.41000366210938,83.69999694824219,653100.0,81.63568878173828
2018-03-29,84.87999725341797,83.83000183105469,84.16000366210938,84.16999816894531,628000.0,82.09408569335938
2018-04-02,84.26000213623047,81.19000244140625,84.19999694824219,82.19999694824219,600600.0,80.32537841796875
2018-04-03,83.7699966430664,82.26000213623047,82.83000183105469,83.58000183105469,708300.0,81.67391204833984
2018-04-04,84.81999969482422,82.38999938964844,82.38999938964844,84.58999633789062,1224200.0,82.6608657836914
2018-04-05,85.45999908447266,84.41999816894531,85.05999755859375,84.95999908447266,822300.0,83.0224380493164
2018-04-06,84.63999938964844,82.18000030517578,84.12999725341797,82.9800033569336,782600.0,81.08758544921875
2018-04-09,84.55999755859375,83.06999969482422,83.5199966430664,83.1500015258789,392900.0,81.25371551513672
2018-04-10,84.88999938964844,83.83999633789062,84.25,84.16999816894531,506800.0,82.25044250488281
2018-04-11,83.87000274658203,83.0,83.33999633789062,83.41999816894531,482600.0,81.51754760742188
2018-04-12,84.5,83.68000030517578,83.91000366210938,84.2300033569336,441400.0,82.30908966064453
2018-04-13,84.97000122070312,83.94000244140625,84.87999725341797,84.33999633789062,660400.0,82.41657257080078
2018-04-16,85.62000274658203,84.76000213623047,84.9800033569336,85.08999633789062,632000.0,83.14946746826172
2018-04-17,86.0999984741211,84.86000061035156,85.69000244140625,85.36000061035156,684700.0,83.41331481933594
2018-04-18,86.16999816894531,85.2300033569336,85.69000244140625,85.70999908447266,557600.0,83.75532531738281
2018-04-19,87.69999694824219,86.12999725341797,87.05000305175781,87.22000122070312,658000.0,85.23088836669922
2018-04-20,87.9800033569336,86.66999816894531,87.22000122070312,87.18000030517578,792000.0,85.19181060791016
2018-04-23,87.91999816894531,86.62000274658203,87.5,86.88999938964844,531200.0,84.9084243774414
2018-04-24,87.54000091552734,85.58999633789062,87.20999908447266,86.12000274658203,823000.0,84.15597534179688
2018-04-25,86.95999908447266,85.55999755859375,86.16999816894531,86.47000122070312,435900.0,84.49800109863281
2018-04-26,87.23999786376953,86.08000183105469,86.4800033569336,86.7699966430664,386600.0,84.79115295410156
2018-04-27,87.66999816894531,86.38999938964844,86.52999877929688,87.5199966430664,368500.0,85.52404022216797
2018-04-30,88.25,86.73999786376953,87.77999877929688,86.73999786376953,447800.0,84.76184844970703
2018-05-01,86.7699966430664,85.9000015258789,86.4800033569336,86.68000030517578,292400.0,84.70320892333984
2018-05-02,86.23999786376953,84.73999786376953,86.23999786376953,84.87000274658203,632300.0,82.93448638916016
2018-05-03,84.80999755859375,83.0199966430664,84.41000366210938,84.08999633789062,518000.0,82.17227172851562
2018-05-04,85.93000030517578,83.37000274658203,83.63999938964844,85.45999908447266,340200.0,83.51103210449219
2018-05-07,85.80000305175781,84.98999786376953,85.55000305175781,85.44000244140625,438800.0,83.49150085449219
2018-05-08,86.01000213623047,84.77999877929688,85.4000015258789,85.04000091552734,453200.0,83.10061645507812
2018-05-09,85.43000030517578,84.48999786376953,85.3499984741211,85.0199966430664,412400.0,83.0810546875
2018-05-10,85.52999877929688,84.58000183105469,85.0199966430664,85.37999725341797,337300.0,83.43285369873047
2018-05-11,86.16999816894531,85.33000183105469,85.47000122070312,85.5199966430664,241900.0,83.56965637207031
2018-05-14,85.73999786376953,84.5999984741211,85.61000061035156,84.75,368600.0,82.81723022460938
2018-05-15,85.25,84.41000366210938,84.58999633789062,84.88999938964844,511100.0,82.95404052734375
2018-05-16,85.68000030517578,84.72000122070312,84.72000122070312,85.30000305175781,398600.0,83.35467529296875
2018-05-17,85.91000366210938,85.0,85.26000213623047,85.66999816894531,327000.0,83.71624755859375
2018-05-18,85.9800033569336,85.4000015258789,85.62999725341797,85.63999938964844,800000.0,83.68692016601562
2018-05-21,86.73999786376953,85.81999969482422,85.91999816894531,86.58000183105469,517000.0,84.6054916381836
2018-05-22,87.2699966430664,86.47000122070312,86.5999984741211,86.98999786376953,347700.0,85.00613403320312
2018-05-23,86.72000122070312,86.23999786376953,86.6500015258789,86.58000183105469,412500.0,84.6054916381836
2018-05-24,86.51000213623047,85.5,86.2699966430664,86.20999908447266,431000.0,84.24391174316406
2018-05-25,86.5,85.38999938964844,85.95999908447266,85.70999908447266,328400.0,83.75532531738281
2018-05-29,84.8499984741211,82.58999633789062,84.52999877929688,83.12999725341797,678400.0,81.23416900634766
2018-05-30,85.44999694824219,83.83999633789062,83.98999786376953,85.0999984741211,718000.0,83.15923309326172
2018-05-31,85.30999755859375,84.12999725341797,84.88999938964844,84.83000183105469,627800.0,82.89540100097656
2018-06-01,86.62999725341797,85.77999877929688,85.87000274658203,85.77999877929688,506900.0,83.82373046875
2018-06-04,86.41000366210938,85.12000274658203,85.9800033569336,85.18000030517578,408200.0,83.2374267578125
2018-06-05,85.05000305175781,84.0199966430664,84.9800033569336,84.93000030517578,655500.0,82.99311828613281
2018-06-06,85.76000213623047,84.83000183105469,85.30000305175781,85.5199966430664,473800.0,83.56965637207031
2018-06-07,85.91000366210938,85.23999786376953,85.77999877929688,85.66000366210938,783800.0,83.70646667480469
2018-06-08,86.30000305175781,85.51000213623047,85.79000091552734,86.23999786376953,479300.0,84.27323913574219
2018-06-11,86.66999816894531,85.5,86.51000213623047,85.68000030517578,297700.0,83.72602081298828
2018-06-12,85.69000244140625,84.38999938964844,85.69000244140625,84.62000274658203,399700.0,82.69020080566406
2018-06-13,85.12999725341797,84.04000091552734,84.75,84.33999633789062,927400.0,82.41657257080078
2018-06-14,84.80000305175781,83.75,84.61000061035156,84.19999694824219,803400.0,82.27976989746094
2018-06-15,84.55999755859375,82.97000122070312,83.76000213623047,84.4800033569336,1023500.0,82.55337524414062
2018-06-18,84.36000061035156,83.4000015258789,84.02999877929688,84.12000274658203,652600.0,82.20159149169922
2018-06-19,84.51000213623047,83.41999816894531,83.45999908447266,84.2699966430664,641300.0,82.34817504882812
2018-06-20,84.87999725341797,83.9800033569336,84.62000274658203,84.05000305175781,816600.0,82.13318634033203
2018-06-21,84.30000305175781,83.44999694824219,83.93000030517578,83.69999694824219,663900.0,81.7911605834961
2018-06-22,84.2300033569336,83.4000015258789,84.12999725341797,83.68000030517578,1060900.0,81.77162170410156
2018-06-25,83.9000015258789,82.76000213623047,83.30999755859375,83.62000274658203,486000.0,81.71300506591797
2018-06-26,83.6500015258789,83.0,83.6500015258789,83.0199966430664,425300.0,81.12667846679688
2018-06-27,83.29000091552734,81.33000183105469,82.83000183105469,81.36000061035156,376400.0,79.50453186035156
2018-06-28,81.58000183105469,80.66000366210938,81.25,81.1500015258789,510600.0,79.29932403564453
2018-06-29,82.61000061035156,81.31999969482422,81.69999694824219,81.41000366210938,597400.0,79.55339050292969
2018-07-02,82.01000213623047,80.9000015258789,81.01000213623047,81.91000366210938,557000.0,80.04199981689453
2018-07-03,82.69999694824219,81.98999786376953,82.19000244140625,82.08000183105469,371900.0,80.36509704589844
2018-07-05,82.44000244140625,81.83000183105469,82.38999938964844,82.29000091552734,685000.0,80.5707015991211
2018-07-06,83.02999877929688,81.81999969482422,82.02999877929688,82.79000091552734,441300.0,81.06026458740234
2018-07-09,84.94000244140625,83.29000091552734,83.30000305175781,84.86000061035156,634000.0,83.08702087402344
2018-07-10,84.91000366210938,84.06999969482422,84.9000015258789,84.7699966430664,512800.0,82.99888610839844
2018-07-11,84.52999877929688,83.56999969482422,84.22000122070312,83.79000091552734,448600.0,82.03936004638672
2018-07-12,84.38999938964844,82.72000122070312,84.38999938964844,83.38999938964844,353700.0,81.64772033691406
2018-07-13,83.83000183105469,82.91999816894531,83.05000305175781,83.43000030517578,612700.0,81.68689727783203
2018-07-16,84.51000213623047,83.58000183105469,83.58000183105469,84.45999908447266,483900.0,82.69536590576172
2018-07-17,84.80000305175781,84.13999938964844,84.4800033569336,84.55999755859375,336800.0,82.79328155517578
2018-07-18,85.41000366210938,84.58999633789062,84.72000122070312,85.27999877929688,445700.0,83.49824523925781
2018-07-19,85.11000061035156,83.80999755859375,85.0999984741211,83.97000122070312,530600.0,82.21561431884766
2018-07-20,83.7699966430664,83.12000274658203,83.66000366210938,83.47000122070312,346500.0,81.7260513305664
2018-07-23,84.44000244140625,83.18000030517578,83.4800033569336,84.3499984741211,389200.0,82.587646484375
2018-07-24,85.0199966430664,83.98999786376953,84.19999694824219,84.5199966430664,461800.0,82.75410461425781
2018-07-25,84.44999694824219,83.05999755859375,84.44999694824219,83.87000274658203,353700.0,82.1176986694336
2018-07-26,87.88999938964844,84.87000274658203,86.12000274658203,86.77999877929688,963400.0,84.9668960571289
2018-07-27,87.93000030517578,86.91000366210938,87.0199966430664,87.7300033569336,459000.0,85.89704132080078
2018-07-30,88.69999694824219,87.72000122070312,87.83999633789062,88.16999816894531,525000.0,86.3278579711914
2018-07-31,88.72000122070312,87.8499984741211,88.55000305175781,88.06999969482422,493800.0,86.22994232177734
2018-08-01,88.94999694824219,87.02999877929688,88.48999786376953,87.20999908447266,406300.0,85.3879165649414
2018-08-02,86.88999938964844,86.05999755859375,86.87000274658203,86.37999725341797,538800.0,84.57524871826172
2018-08-03,86.88999938964844,85.72000122070312,86.29000091552734,86.87000274658203,344900.0,85.0550308227539
2018-08-06,87.55999755859375,86.6500015258789,86.88999938964844,87.2699966430664,362800.0,85.44666290283203
2018-08-07,88.19000244140625,86.88999938964844,86.88999938964844,87.52999877929688,246900.0,85.70123291015625
2018-08-08,88.08000183105469,87.22000122070312,87.5199966430664,88.0199966430664,218000.0,86.18099212646484
2018-08-09,88.18000030517578,87.41999816894531,87.9800033569336,87.52999877929688,243500.0,85.70123291015625
2018-08-10,87.20999908447266,86.05000305175781,86.75,86.61000061035156,436500.0,84.80045318603516
2018-08-13,86.94000244140625,86.11000061035156,86.52999877929688,86.30999755859375,253200.0,84.50672149658203
2018-08-14,87.38999938964844,86.41999816894531,86.5199966430664,87.0999984741211,294100.0,85.28021240234375
2018-08-15,87.04000091552734,86.44999694824219,86.55000305175781,86.81999969482422,305500.0,85.00606536865234
2018-08-16,88.19999694824219,87.16000366210938,87.2699966430664,87.95999908447266,330900.0,86.12223052978516
2018-08-17,88.33999633789062,87.62999725341797,87.77999877929688,88.18000030517578,505500.0,86.33765411376953
2018-08-20,88.63999938964844,88.13999938964844,88.4000015258789,88.3499984741211,324600.0,86.50408935546875
2018-08-21,89.58999633789062,88.37000274658203,88.54000091552734,89.19000244140625,368300.0,87.32654571533203
2018-08-22,89.27999877929688,88.47000122070312,88.9800033569336,88.7699966430664,438300.0,86.91531372070312
2018-08-23,88.70999908447266,87.55000305175781,88.70999908447266,87.75,276900.0,85.9166259765625
2018-08-24,88.44999694824219,87.87999725341797,88.04000091552734,88.41999816894531,216200.0,86.57263946533203
2018-08-27,89.3499984741211,88.5,88.5,88.69999694824219,554800.0,86.8467788696289
2018-08-28,89.02999877929688,87.87000274658203,88.91999816894531,88.25,513700.0,86.40618896484375
2018-08-29,88.41000366210938,87.30999755859375,88.30000305175781,88.12000274658203,366700.0,86.27890014648438
2018-08-30,88.0999984741211,87.5999984741211,88.05000305175781,87.70999908447266,270900.0,85.87747192382812
2018-08-31,87.97000122070312,87.22000122070312,87.63999938964844,87.91999816894531,395200.0,86.08307647705078
2018-09-04,88.37999725341797,87.54000091552734,87.80999755859375,88.2300033569336,338600.0,86.38660430908203
2018-09-05,89.4000015258789,88.19000244140625,88.19000244140625,89.0999984741211,406900.0,87.23841094970703
2018-09-06,89.45999908447266,88.48999786376953,89.04000091552734,88.61000061035156,334500.0,86.75867462158203
2018-09-07,88.72000122070312,88.08000183105469,88.6500015258789,88.38999938964844,411600.0,86.54325866699219
2018-09-10,85.38999938964844,81.80000305175781,85.38999938964844,84.45999908447266,1298700.0,82.69536590576172
2018-09-11,85.25,83.56999969482422,84.12000274658203,84.86000061035156,763000.0,83.08702087402344
2018-09-12,84.83999633789062,84.01000213623047,84.72000122070312,84.29000091552734,379000.0,82.52892303466797
2018-09-13,85.29000091552734,84.43000030517578,84.66000366210938,85.12999725341797,390700.0,83.35137176513672
2018-09-14,87.08999633789062,85.29000091552734,85.41999816894531,86.83999633789062,419400.0,85.025634765625
2018-09-17,87.0999984741211,85.66999816894531,87.0999984741211,85.7699966430664,615300.0,83.97798919677734
2018-09-18,86.22000122070312,85.44999694824219,85.87000274658203,85.97000122070312,930200.0,84.173828125
2018-09-19,87.4800033569336,86.12000274658203,86.16000366210938,87.16999816894531,447600.0,85.34874725341797
2018-09-20,88.61000061035156,87.55999755859375,87.73999786376953,88.33000183105469,524600.0,86.48451232910156
2018-09-21,88.97000122070312,87.93000030517578,88.75,88.88999938964844,1098800.0,87.0328140258789
2018-09-24,88.95999908447266,88.05000305175781,88.87999725341797,88.08999633789062,525500.0,86.24952697753906
2018-09-25,88.62999725341797,87.33000183105469,88.36000061035156,87.56999969482422,487400.0,85.74040222167969
2018-09-26,87.8499984741211,86.41000366210938,87.73999786376953,86.55999755859375,446500.0,84.75148010253906
2018-09-27,86.83999633789062,85.91999816894531,86.25,86.2699966430664,406100.0,84.46755981445312
2018-09-28,86.9800033569336,85.58999633789062,86.08999633789062,86.69000244140625,456900.0,84.87877655029297
2018-10-01,87.54000091552734,86.12999725341797,87.22000122070312,86.5199966430664,388400.0,84.71231842041016
2018-10-02,86.91999816894531,85.62000274658203,86.51000213623047,86.79000091552734,297800.0,84.97669219970703
2018-10-03,87.91000366210938,86.93000030517578,87.44999694824219,87.22000122070312,628600.0,85.39769744873047
2018-10-04,88.23999786376953,87.31999969482422,87.31999969482422,87.97000122070312,506400.0,86.29034423828125
2018-10-05,88.54000091552734,87.26000213623047,88.0999984741211,87.41999816894531,575100.0,85.75082397460938
2018-10-08,89.13999938964844,86.69000244140625,87.13999938964844,88.69999694824219,706700.0,87.00638580322266
2018-10-09,89.29000091552734,88.0,88.47000122070312,88.8499984741211,421000.0,87.15352630615234
2018-10-10,89.62000274658203,87.30000305175781,88.95999908447266,87.36000061035156,634100.0,85.69197845458984
2018-10-11,87.19999694824219,83.56999969482422,87.1500015258789,83.58000183105469,884400.0,81.9841537475586
2018-10-12,84.6500015258789,82.29000091552734,84.36000061035156,83.9800033569336,809000.0,82.37651062011719
2018-10-15,84.66000366210938,83.55000305175781,83.79000091552734,83.79000091552734,628000.0,82.19014739990234
2018-10-16,84.76000213623047,83.27999877929688,84.22000122070312,84.73999786376953,1011400.0,83.12199401855469
2018-10-17,86.48999786376953,84.63999938964844,84.83999633789062,85.83000183105469,735400.0,84.19119262695312
2018-10-18,86.4000015258789,84.33000183105469,85.80999755859375,84.91999816894531,675400.0,83.2985610961914
2018-10-19,86.55000305175781,84.11000061035156,84.47000122070312,86.02999877929688,572200.0,84.38737487792969
2018-10-22,86.5199966430664,84.61000061035156,86.04000091552734,84.66000366210938,522600.0,83.04353332519531
2018-10-23,84.62999725341797,82.8499984741211,83.54000091552734,84.1500015258789,616900.0,82.54326629638672
2018-10-24,83.83000183105469,80.72000122070312,83.76000213623047,80.93000030517578,723400.0,79.3847427368164
2018-10-25,83.97000122070312,80.33999633789062,82.22000122070312,83.06999969482422,856400.0,81.48390197753906
2018-10-26,83.54000091552734,82.0999984741211,83.0,82.69000244140625,906000.0,81.11114501953125
2018-10-29,84.45999908447266,82.38999938964844,83.43000030517578,83.04000091552734,627600.0,81.45446014404297
2018-10-30,84.91000366210938,83.19000244140625,83.5199966430664,84.77999877929688,621700.0,83.1612319946289
2018-10-31,86.41000366210938,84.5999984741211,85.58999633789062,84.66000366210938,723700.0,83.04353332519531
2018-11-01,85.45999908447266,84.55999755859375,85.13999938964844,85.33999633789062,533400.0,83.71053314208984
2018-11-02,87.05999755859375,84.41000366210938,86.16999816894531,84.7300033569336,475800.0,83.1122055053711
2018-11-05,85.94000244140625,84.8499984741211,84.8499984741211,85.87000274658203,403300.0,84.23043060302734
2018-11-06,86.75,85.5199966430664,85.58999633789062,86.69999694824219,385900.0,85.04457092285156
2018-11-07,87.86000061035156,86.25,87.33000183105469,87.69999694824219,495600.0,86.02548217773438
2018-11-08,87.9000015258789,86.93000030517578,86.97000122070312,87.48999786376953,533400.0,85.81949615478516
2018-11-09,87.91000366210938,86.55999755859375,87.26000213623047,86.91999816894531,567900.0,85.2603759765625
2018-11-12,87.51000213623047,85.7699966430664,86.91999816894531,85.87999725341797,331200.0,84.24022674560547
2018-11-13,87.4800033569336,85.88999938964844,85.9800033569336,86.80000305175781,519200.0,85.1426773071289
2018-11-14,88.19000244140625,85.5,87.47000122070312,86.44999694824219,505300.0,84.79935455322266
2018-11-15,86.76000213623047,84.94999694824219,85.7300033569336,86.5199966430664,650100.0,84.86801147460938
2018-11-16,86.69000244140625,84.87000274658203,85.8499984741211,86.4000015258789,952700.0,84.75031280517578
2018-11-19,87.23999786376953,85.9800033569336,86.41999816894531,86.98999786376953,440300.0,85.32904052734375
2018-11-20,86.95999908447266,85.37000274658203,86.41999816894531,85.66999816894531,664000.0,84.03424835205078
2018-11-21,87.56999969482422,85.48999786376953,85.75,86.0999984741211,428300.0,84.45602416992188
2018-11-23,86.9800033569336,85.08000183105469,85.41000366210938,86.05999755859375,223900.0,84.41680145263672
2018-11-26,87.69000244140625,86.16000366210938,87.1500015258789,86.81999969482422,477000.0,85.16227722167969
2018-11-27,86.95999908447266,85.0,86.43000030517578,85.12000274658203,709800.0,83.49475860595703
2018-11-28,87.9000015258789,84.80999755859375,84.97000122070312,87.88999938964844,810100.0,86.21185302734375
2018-11-29,88.01000213623047,87.05999755859375,87.12000274658203,87.31999969482422,540900.0,85.65274047851562
2018-11-30,87.70999908447266,86.37999725341797,87.31999969482422,86.41000366210938,813600.0,84.7601318359375
2018-12-03,89.23999786376953,86.12000274658203,87.08999633789062,86.55000305175781,538300.0,84.89744567871094
2018-12-04,86.33000183105469,82.11000061035156,86.33000183105469,82.22000122070312,780900.0,80.65010833740234
2018-12-06,81.5199966430664,79.37000274658203,81.05999755859375,81.0,1093600.0,79.45340728759766
2018-12-07,82.30000305175781,79.93000030517578,80.9000015258789,80.25,782800.0,78.71773529052734
2018-12-10,80.27999877929688,77.37000274658203,80.1500015258789,78.91999816894531,629000.0,77.41312408447266
2018-12-11,80.20999908447266,77.83999633789062,79.8499984741211,78.05000305175781,861400.0,76.55973815917969
2018-12-12,79.61000061035156,78.18000030517578,79.37000274658203,78.55000305175781,907300.0,77.05018615722656
2018-12-13,79.20999908447266,77.56999969482422,78.72000122070312,78.0199966430664,1047300.0,76.53031158447266
2018-12-14,77.75,76.88999938964844,77.41000366210938,77.13999938964844,847700.0,75.66710662841797
2018-12-17,77.7300033569336,75.62000274658203,76.88999938964844,75.88999938964844,1111300.0,74.44097137451172
2018-12-18,77.19000244140625,75.61000061035156,76.05999755859375,75.83000183105469,685100.0,74.38212585449219
2018-12-19,76.94000244140625,74.11000061035156,75.73999786376953,74.44000244140625,839900.0,73.0186767578125
2018-12-20,74.72000122070312,73.04000091552734,73.94000244140625,73.81999969482422,716600.0,72.4104995727539
2018-12-21,75.0999984741211,72.37999725341797,73.51000213623047,72.52999877929688,1127800.0,71.14513397216797
2018-12-24,72.47000122070312,70.5999984741211,71.9800033569336,70.61000061035156,262100.0,69.26179504394531
2018-12-26,73.4800033569336,69.68000030517578,70.75,73.44000244140625,553000.0,72.03776550292969
2018-12-27,74.30000305175781,71.91999816894531,72.41999816894531,74.30000305175781,527200.0,72.88134765625
2018-12-28,74.95999908447266,73.63999938964844,74.4800033569336,73.8499984741211,447700.0,72.43993377685547
2018-12-31,74.76000213623047,73.76000213623047,74.0999984741211,74.52999877929688,455600.0,73.10694885253906
2019-01-02,76.5,73.5199966430664,73.70999908447266,76.37000274658203,939100.0,74.91182708740234
2019-01-03,76.58000183105469,74.94000244140625,75.87999725341797,75.01000213623047,677600.0,73.73226928710938
2019-01-04,77.98999786376953,75.80999755859375,76.23999786376953,77.66999816894531,784100.0,76.3469467163086
2019-01-07,78.51000213623047,76.62000274658203,77.37999725341797,77.95999908447266,642100.0,76.63201141357422
2019-01-08,78.86000061035156,77.45999908447266,78.33000183105469,78.86000061035156,651800.0,77.51667022705078
2019-01-09,79.95999908447266,78.77999877929688,78.77999877929688,79.70999908447266,525100.0,78.35218811035156
2019-01-10,80.08999633789062,79.33999633789062,79.56999969482422,79.81999969482422,354400.0,78.4603271484375
2019-01-11,80.16999816894531,78.98999786376953,79.41999816894531,80.08000183105469,383300.0,78.71588134765625
2019-01-14,80.5199966430664,79.37000274658203,79.37000274658203,80.0199966430664,431500.0,78.65690612792969
2019-01-15,80.5199966430664,79.62000274658203,79.91000366210938,80.5,341900.0,79.12874603271484
2019-01-16,81.61000061035156,80.4800033569336,81.02999877929688,81.26000213623047,610300.0,79.87578582763672
2019-01-17,81.81999969482422,80.5,80.77999877929688,81.69999694824219,554500.0,80.30830383300781
2019-01-18,82.30000305175781,81.47000122070312,82.27999877929688,81.9800033569336,752300.0,80.58352661132812
2019-01-22,82.19000244140625,80.81999969482422,81.69999694824219,81.06999969482422,670200.0,79.68903350830078
2019-01-23,81.7699966430664,80.66000366210938,81.4000015258789,81.66999816894531,535200.0,80.27880859375
2019-01-24,82.7300033569336,81.5,81.52999877929688,82.51000213623047,406500.0,81.10450744628906
2019-01-25,83.88999938964844,82.7300033569336,83.31999969482422,83.2699966430664,427900.0,81.85155487060547
2019-01-28,83.30000305175781,82.0999984741211,82.61000061035156,82.94000244140625,426500.0,81.52717590332031
2019-01-29,83.18000030517578,82.29000091552734,82.87000274658203,82.36000061035156,338400.0,80.95706176757812
2019-01-30,83.30000305175781,81.37999725341797,82.41000366210938,82.80999755859375,423100.0,81.39939880371094
2019-01-31,83.88999938964844,82.05000305175781,82.30999755859375,83.76000213623047,469100.0,82.33321380615234
2019-02-01,84.31999969482422,83.48999786376953,84.01000213623047,84.05000305175781,422700.0,82.61827850341797
2019-02-04,84.16000366210938,83.08999633789062,83.98999786376953,83.4800033569336,582400.0,82.0579833984375
2019-02-05,83.69999694824219,82.7300033569336,83.69999694824219,83.4800033569336,585200.0,82.0579833984375
2019-02-06,84.51000213623047,81.54000091552734,82.86000061035156,82.1500015258789,740500.0,80.7506332397461
2019-02-07,82.45999908447266,80.70999908447266,81.6500015258789,81.5199966430664,695300.0,80.13136291503906
2019-02-08,81.58000183105469,79.69999694824219,81.08999633789062,81.0199966430664,474600.0,79.6398696899414
2019-02-11,81.4800033569336,80.16000366210938,81.41000366210938,81.38999938964844,347500.0,80.00357055664062
2019-02-12,83.05000305175781,82.0199966430664,82.06999969482422,82.73999786376953,525900.0,81.3305892944336
2019-02-13,83.62000274658203,82.45999908447266,82.98999786376953,82.58000183105469,398800.0,81.17330932617188
2019-02-14,82.37000274658203,81.36000061035156,81.83000183105469,81.83000183105469,463000.0,80.43608856201172
2019-02-15,83.41000366210938,82.44000244140625,82.62000274658203,83.36000061035156,642800.0,81.94003295898438
2019-02-19,83.72000122070312,82.62000274658203,83.05000305175781,83.63999938964844,431700.0,82.21525573730469
2019-02-20,84.04000091552734,83.19000244140625,83.6500015258789,84.01000213623047,386200.0,82.5789566040039
2019-02-21,84.23999786376953,83.01000213623047,84.05999755859375,83.19999694824219,462100.0,81.78275299072266
2019-02-22,83.43000030517578,82.75,83.43000030517578,82.94000244140625,486800.0,81.52717590332031
2019-02-25,83.44000244140625,82.4800033569336,83.44000244140625,82.62000274658203,423300.0,81.21263122558594
2019-02-26,83.18000030517578,82.27999877929688,82.27999877929688,82.61000061035156,326700.0,81.20278930664062
2019-02-27,83.02999877929688,82.43000030517578,82.51000213623047,82.73999786376953,345600.0,81.3305892944336
2019-02-28,83.08000183105469,82.38999938964844,82.69000244140625,82.55999755859375,503500.0,81.15364074707031
2019-03-01,83.68000030517578,82.7699966430664,83.11000061035156,82.87000274658203,591000.0,81.45836639404297
2019-03-04,83.54000091552734,81.69999694824219,83.01000213623047,82.43000030517578,516400.0,81.02586364746094
2019-03-05,83.06999969482422,81.7699966430664,82.66999816894531,82.55000305175781,405100.0,81.1438217163086
2019-03-06,82.66000366210938,81.77999877929688,82.43000030517578,81.79000091552734,307100.0,80.39676666259766
2019-03-07,81.5,80.44999694824219,81.48999786376953,81.25,545300.0,79.86595916748047
2019-03-08,81.23999786376953,80.5,80.68000030517578,81.1500015258789,517100.0,79.76766967773438
2019-03-11,82.13999938964844,81.2699966430664,81.44000244140625,82.08999633789062,578300.0,80.691650390625
2019-03-12,82.62000274658203,82.1500015258789,82.33000183105469,82.31999969482422,495500.0,80.91773223876953
2019-03-13,83.16000366210938,82.16000366210938,82.75,82.55999755859375,571000.0,81.15364074707031
2019-03-14,82.72000122070312,82.0199966430664,82.51000213623047,82.68000030517578,521800.0,81.27161407470703
2019-03-15,83.3499984741211,82.41000366210938,82.62000274658203,83.11000061035156,932500.0,81.69428253173828
2019-03-18,84.54000091552734,83.3499984741211,83.41999816894531,84.01000213623047,592200.0,82.5789566040039
2019-03-19,84.6500015258789,83.29000091552734,84.4000015258789,83.41000366210938,509100.0,81.98917388916016
2019-03-20,83.45999908447266,81.80000305175781,83.41000366210938,81.91999816894531,686400.0,80.5245361328125
2019-03-21,82.55000305175781,80.91999816894531,81.47000122070312,82.37000274658203,464100.0,80.9668960571289
2019-03-22,81.79000091552734,80.25,81.63999938964844,80.30999755859375,772700.0,78.94196319580078
2019-03-25,81.37999725341797,80.13999938964844,80.3499984741211,80.8499984741211,438200.0,79.4727783203125
2019-03-26,81.97000122070312,81.19000244140625,81.45999908447266,81.87000274658203,361000.0,80.47540283203125
2019-03-27,82.41999816894531,81.69000244140625,81.75,81.94999694824219,395900.0,80.55403900146484
2019-03-28,82.48999786376953,81.0,82.06999969482422,81.80000305175781,477700.0,80.40660095214844
2019-03-29,82.66000366210938,81.7300033569336,82.4000015258789,81.94999694824219,603200.0,80.55403900146484
2019-04-01,84.2300033569336,82.41999816894531,82.41999816894531,84.16000366210938,685300.0,82.72639465332031
2019-04-02,84.55999755859375,83.56999969482422,84.08999633789062,83.87000274658203,633400.0,82.44134521484375
2019-04-03,85.04000091552734,84.36000061035156,84.58000183105469,84.69000244140625,548700.0,83.24736785888672
2019-04-04,85.31999969482422,84.30999755859375,84.55999755859375,84.56999969482422,294300.0,83.29957580566406
2019-04-05,85.33999633789062,84.2300033569336,84.58999633789062,85.31999969482422,606700.0,84.03831481933594
2019-04-08,85.55999755859375,85.08000183105469,85.13999938964844,85.45999908447266,408300.0,84.17620086669922
2019-04-09,84.97000122070312,84.0999984741211,84.94000244140625,84.22000122070312,376000.0,82.954833984375
2019-04-10,85.1500015258789,84.0999984741211,84.27999877929688,85.0199966430664,350500.0,83.74280548095703
2019-04-11,86.12999725341797,84.95999908447266,85.30999755859375,85.44999694824219,423800.0,84.16635131835938
2019-04-12,87.12999725341797,86.05999755859375,86.5199966430664,86.83999633789062,370500.0,85.53546905517578
2019-04-15,87.16000366210938,85.94999694824219,86.62999725341797,86.12000274658203,351000.0,84.82627868652344
2019-04-16,87.30999755859375,86.38999938964844,86.47000122070312,87.0999984741211,397100.0,85.79157257080078
2019-04-17,87.48999786376953,86.20999908447266,87.48999786376953,86.26000213623047,703000.0,84.96417999267578
2019-04-18,91.27999877929688,86.51000213623047,86.51000213623047,88.73999786376953,1051900.0,87.40692138671875
2019-04-22,88.87000274658203,86.43000030517578,88.8499984741211,87.05999755859375,710900.0,85.75216674804688
2019-04-23,87.2300033569336,86.5199966430664,86.94999694824219,86.80999755859375,611300.0,85.50591278076172
2019-04-24,86.73999786376953,86.08999633789062,86.62999725341797,86.3499984741211,526200.0,85.0528335571289
2019-04-25,86.83999633789062,85.25,85.7300033569336,86.55000305175781,406200.0,85.24982452392578
2019-04-26,87.0199966430664,86.12000274658203,86.70999908447266,87.0,282600.0,85.69306945800781
2019-04-29,88.04000091552734,87.08000183105469,87.19000244140625,87.70999908447266,447300.0,86.39240264892578
2019-04-30,87.80999755859375,86.7699966430664,87.80999755859375,87.66000366210938,465700.0,86.3431396484375
2019-05-01,88.02999877929688,87.08999633789062,87.56999969482422,87.30999755859375,435300.0,85.99840545654297
2019-05-02,87.95999908447266,86.91999816894531,87.38999938964844,87.5,390800.0,86.18556213378906
2019-05-03,88.31999969482422,87.47000122070312,87.7300033569336,87.9000015258789,284300.0,86.57954406738281
2019-05-06,88.2300033569336,86.36000061035156,86.61000061035156,87.94000244140625,250700.0,86.61894989013672
2019-05-07,87.79000091552734,85.9800033569336,87.4000015258789,86.55999755859375,328400.0,85.25967407226562
2019-05-08,87.4800033569336,86.02999877929688,86.27999877929688,86.87000274658203,426100.0,85.56501770019531
2019-05-09,87.4000015258789,85.9000015258789,86.08000183105469,87.13999938964844,338900.0,85.83097076416016
2019-05-10,88.3499984741211,86.37999725341797,86.7699966430664,88.23999786376953,331700.0,86.91443634033203
2019-05-13,87.2699966430664,85.8499984741211,86.81999969482422,86.30000305175781,481300.0,85.00358581542969
2019-05-14,87.87000274658203,86.44999694824219,86.44999694824219,87.30999755859375,415900.0,85.99840545654297
2019-05-15,87.23999786376953,86.06999969482422,86.51000213623047,86.75,356900.0,85.44683074951172
2019-05-16,87.81999969482422,87.12000274658203,87.16000366210938,87.38999938964844,442300.0,86.07720947265625
2019-05-17,88.1500015258789,86.5,86.5199966430664,87.38999938964844,507100.0,86.07720947265625
2019-05-20,88.41000366210938,87.20999908447266,87.27999877929688,88.30000305175781,589900.0,86.97355651855469
2019-05-21,89.41000366210938,88.51000213623047,88.77999877929688,88.81999969482422,473500.0,87.48572540283203
2019-05-22,88.75,88.16000366210938,88.45999908447266,88.44999694824219,500700.0,87.12128448486328
2019-05-23,87.5999984741211,86.12000274658203,87.44999694824219,86.66000366210938,565000.0,85.35818481445312
2019-05-24,87.33000183105469,86.44999694824219,86.88999938964844,87.19000244140625,443800.0,85.88021850585938
2019-05-28,87.23999786376953,86.19000244140625,87.04000091552734,86.27999877929688,649200.0,84.98387145996094
2019-05-29,86.94999694824219,85.73999786376953,86.02999877929688,86.80999755859375,532400.0,85.50591278076172
2019-05-30,87.62000274658203,86.4000015258789,86.80999755859375,86.48999786376953,308900.0,85.19071960449219
2019-05-31,86.13999938964844,85.33000183105469,85.56999969482422,85.51000213623047,412900.0,84.22545623779297
2019-06-03,86.83999633789062,85.30999755859375,85.43000030517578,86.80999755859375,436200.0,85.50591278076172
2019-06-04,88.30000305175781,87.25,87.8499984741211,88.2300033569336,526800.0,86.90460968017578
2019-06-05,88.6500015258789,87.5199966430664,88.37000274658203,88.30000305175781,536300.0,86.97355651855469
2019-06-06,89.0999984741211,88.18000030517578,88.48999786376953,88.93000030517578,309900.0,87.59407043457031
2019-06-07,89.52999877929688,88.80999755859375,88.80999755859375,88.87000274658203,329900.0,87.53497314453125
2019-06-10,89.72000122070312,88.77999877929688,89.62000274658203,88.80000305175781,354800.0,87.46603393554688
2019-06-11,89.51000213623047,88.37999725341797,89.26000213623047,88.41999816894531,422800.0,87.09172821044922
2019-06-12,88.73999786376953,87.9000015258789,88.33000183105469,88.44999694824219,430500.0,87.12128448486328
2019-06-13,88.94999694824219,88.26000213623047,88.47000122070312,88.62999725341797,386700.0,87.29856872558594
2019-06-14,89.26000213623047,88.33000183105469,88.69999694824219,89.16999816894531,335500.0,87.83045959472656
2019-06-17,89.4800033569336,88.2300033569336,89.22000122070312,88.31999969482422,275900.0,86.99324035644531
2019-06-18,89.04000091552734,87.97000122070312,88.37000274658203,88.79000091552734,330800.0,87.45616912841797
2019-06-19,89.5,88.43000030517578,88.7300033569336,88.5999984741211,378000.0,87.26904296875
2019-06-20,89.48999786376953,88.05999755859375,89.20999908447266,89.37000274658203,378300.0,88.0274658203125
2019-06-21,89.58999633789062,88.05000305175781,89.48999786376953,88.08000183105469,1055800.0,86.7568359375
2019-06-24,89.30000305175781,88.13999938964844,88.13999938964844,88.33999633789062,450000.0,87.01293182373047
2019-06-25,88.5,87.80999755859375,88.41999816894531,88.25,371500.0,86.9242935180664
2019-06-26,88.62999725341797,87.58000183105469,88.38999938964844,87.58000183105469,384300.0,86.26435089111328
2019-06-27,88.56999969482422,87.7699966430664,87.81999969482422,88.44000244140625,343700.0,87.11144256591797
2019-06-28,89.66999816894531,89.02999877929688,89.02999877929688,89.45999908447266,913500.0,88.11610412597656
2019-07-01,91.2699966430664,90.06999969482422,90.06999969482422,91.12999725341797,460600.0,89.76102447509766
2019-07-02,91.29000091552734,89.98999786376953,91.16999816894531,90.51000213623047,400800.0,89.15033721923828
2019-07-03,91.7699966430664,90.63999938964844,90.6500015258789,91.62999725341797,255200.0,90.42635345458984
2019-07-05,91.83000183105469,90.98999786376953,91.66000366210938,91.7699966430664,408600.0,90.56451416015625
2019-07-08,91.62000274658203,90.80999755859375,91.31999969482422,90.87000274658203,451200.0,89.67634582519531
2019-07-09,91.56999969482422,90.30999755859375,90.30999755859375,91.54000091552734,463900.0,90.33753967285156
2019-07-10,91.83999633789062,90.98999786376953,91.54000091552734,91.12000274658203,485500.0,89.92305755615234
2019-07-11,91.69999694824219,90.7699966430664,91.4800033569336,91.68000030517578,565500.0,90.47570037841797
2019-07-12,92.18000030517578,91.33000183105469,91.8499984741211,92.05000305175781,452800.0,90.84085083007812
2019-07-15,92.36000061035156,91.70999908447266,92.33999633789062,92.26000213623047,375900.0,91.04808044433594
2019-07-16,92.41999816894531,91.7699966430664,92.41999816894531,91.91000366210938,504600.0,90.70268249511719
2019-07-17,92.02999877929688,90.95999908447266,91.76000213623047,91.30999755859375,348400.0,90.11054992675781
2019-07-18,91.9800033569336,91.04000091552734,91.22000122070312,91.83000183105469,367700.0,90.62374114990234
2019-07-19,92.20999908447266,91.0,91.94000244140625,91.04000091552734,341800.0,89.84410095214844
2019-07-22,91.41999816894531,90.8499984741211,91.02999877929688,91.0999984741211,374900.0,89.90331268310547
2019-07-23,91.62999725341797,90.58000183105469,91.11000061035156,91.31999969482422,358100.0,90.12042999267578
2019-07-24,91.44000244140625,90.3499984741211,91.18000030517578,90.87999725341797,556000.0,89.68620300292969
2019-07-25,93.26000213623047,91.38999938964844,92.08000183105469,92.1500015258789,673200.0,90.93953704833984
2019-07-26,92.95999908447266,91.69000244140625,92.41999816894531,92.93000030517578,629800.0,91.70927429199219
2019-07-29,93.1500015258789,91.56999969482422,93.08000183105469,91.9000015258789,478000.0,90.69281005859375
2019-07-30,92.1500015258789,91.27999877929688,91.5,91.72000122070312,351200.0,90.51516723632812
2019-07-31,92.1500015258789,90.94000244140625,91.70999908447266,91.31999969482422,613500.0,90.12042999267578
2019-08-01,91.19000244140625,87.75,91.0999984741211,88.61000061035156,718000.0,87.4460220336914
2019-08-02,88.5999984741211,87.12999725341797,88.54000091552734,87.6500015258789,558800.0,86.49864196777344
2019-08-05,86.31999969482422,84.12000274658203,86.30999755859375,84.70999908447266,614400.0,83.59725952148438
2019-08-06,86.43000030517578,84.56999969482422,85.19999694824219,86.37999725341797,535300.0,85.24532318115234
2019-08-07,86.43000030517578,83.66999816894531,84.91000366210938,85.98999786376953,540000.0,84.8604507446289
2019-08-08,88.22000122070312,86.41999816894531,86.86000061035156,88.0999984741211,526400.0,86.9427261352539
2019-08-09,88.98999786376953,86.68000030517578,88.98999786376953,88.01000213623047,280800.0,86.85391235351562
2019-08-12,89.0,87.08000183105469,87.3499984741211,87.30000305175781,391400.0,86.15323638916016
2019-08-13,89.25,86.70999908447266,86.87000274658203,88.5,367200.0,87.33747100830078
2019-08-14,87.58999633789062,85.0199966430664,87.33999633789062,85.06999969482422,511800.0,83.95252990722656
2019-08-15,86.18000030517578,85.08000183105469,85.41999816894531,85.80999755859375,317700.0,84.68281555175781
2019-08-16,87.56999969482422,86.20999908447266,86.23999786376953,87.16999816894531,593000.0,86.02494049072266
2019-08-19,88.62000274658203,86.20999908447266,88.62000274658203,87.69999694824219,277300.0,86.5479736328125
2019-08-20,87.5199966430664,86.44999694824219,87.47000122070312,86.55999755859375,316200.0,85.42295837402344
2019-08-21,87.75,86.4800033569336,87.23999786376953,87.70999908447266,307700.0,86.55784606933594
2019-08-22,88.70999908447266,87.33999633789062,88.13999938964844,88.31999969482422,387200.0,87.15982818603516
2019-08-23,88.72000122070312,85.7300033569336,88.1500015258789,86.12999725341797,383400.0,84.99861145019531
2019-08-26,87.37000274658203,86.33999633789062,86.9000015258789,87.12000274658203,267400.0,85.97559356689453
2019-08-27,87.80999755859375,85.94999694824219,87.68000030517578,86.5199966430664,331900.0,85.38346099853516
2019-08-28,87.25,85.91000366210938,85.91000366210938,87.08000183105469,302800.0,85.93612670898438
2019-08-29,88.6500015258789,86.91999816894531,86.91999816894531,88.06999969482422,477200.0,86.91311645507812
2019-08-30,89.41000366210938,88.54000091552734,88.88999938964844,89.26000213623047,658600.0,88.08747863769531
2019-09-03,88.56999969482422,87.11000061035156,88.25,88.13999938964844,609900.0,86.98219299316406
2019-09-04,89.05999755859375,88.30999755859375,89.0199966430664,88.76000213623047,367200.0,87.59405517578125
2019-09-05,91.56999969482422,89.80000305175781,89.80000305175781,90.83999633789062,367500.0,89.64672088623047
2019-09-06,91.93000030517578,90.44999694824219,90.95999908447266,91.68000030517578,463700.0,90.47570037841797
2019-09-09,93.33000183105469,91.80999755859375,92.2300033569336,93.0999984741211,571700.0,91.87703704833984
2019-09-10,94.41000366210938,93.23999786376953,93.30000305175781,94.2699966430664,533600.0,93.03167724609375
2019-09-11,95.13999938964844,92.75,94.31999969482422,95.12999725341797,637400.0,93.88037872314453
2019-09-12,95.33999633789062,94.27999877929688,94.76000213623047,94.7300033569336,513800.0,93.48564147949219
2019-09-13,96.0999984741211,94.70999908447266,95.38999938964844,95.3499984741211,581300.0,94.09748840332031
2019-09-16,94.93000030517578,93.56999969482422,94.83999633789062,93.72000122070312,352600.0,92.48889923095703
2019-09-17,94.36000061035156,93.01000213623047,93.38999938964844,94.33999633789062,359200.0,93.10074615478516
2019-09-18,95.0,93.22000122070312,93.7699966430664,94.94000244140625,382800.0,93.69287109375
2019-09-19,95.3499984741211,94.18000030517578,94.80000305175781,94.31999969482422,259800.0,93.08101654052734
2019-09-20,96.02999877929688,94.31999969482422,95.68000030517578,94.6500015258789,775700.0,93.40668487548828
2019-09-23,95.55999755859375,93.68000030517578,93.87000274658203,95.3499984741211,318800.0,94.09748840332031
2019-09-24,96.08999633789062,94.8499984741211,96.05000305175781,95.04000091552734,418200.0,93.79155731201172
2019-09-25,96.16999816894531,94.83000183105469,95.0199966430664,95.44000244140625,278700.0,94.18631744384766
2019-09-26,96.20999908447266,95.0999984741211,95.37999725341797,96.05999755859375,266600.0,94.79816436767578
2019-09-27,96.91999816894531,95.69999694824219,96.5999984741211,96.19999694824219,249400.0,94.93632507324219
2019-09-30,96.72000122070312,95.62000274658203,96.36000061035156,95.76000213623047,513800.0,94.50211334228516
2019-10-01,96.62000274658203,94.20999908447266,96.26000213623047,94.29000091552734,328000.0,93.05142211914062
2019-10-02,93.66999816894531,92.13999938964844,93.38999938964844,92.48999786376953,509800.0,91.27506256103516
2019-10-03,92.6500015258789,90.66999816894531,91.98999786376953,92.6500015258789,468400.0,91.60429382324219
2019-10-04,94.54000091552734,92.75,92.94000244140625,94.51000213623047,232200.0,93.44331359863281
2019-10-07,94.55000305175781,93.75,94.04000091552734,93.80000305175781,340900.0,92.74132537841797
2019-10-08,93.12999725341797,92.19000244140625,93.12999725341797,92.36000061035156,450500.0,91.31756591796875
2019-10-09,93.58000183105469,92.6500015258789,93.08999633789062,92.8499984741211,341300.0,91.80204010009766
2019-10-10,94.0,92.54000091552734,92.54000091552734,93.20999908447266,339400.0,92.15797424316406
2019-10-11,95.38999938964844,94.1500015258789,94.79000091552734,94.25,397100.0,93.18624114990234
2019-10-14,94.31999969482422,93.45999908447266,93.75,94.08000183105469,245900.0,93.01815795898438
2019-10-15,96.0,94.75,95.44000244140625,95.1500015258789,466000.0,94.07608795166016
2019-10-16,95.04000091552734,93.9800033569336,94.80999755859375,94.2699966430664,394800.0,93.20600891113281
2019-10-17,95.41999816894531,94.33999633789062,94.95999908447266,94.52999877929688,286200.0,93.46308135986328
2019-10-18,95.06999969482422,94.11000061035156,94.4000015258789,94.68000030517578,386100.0,93.61138153076172
2019-10-21,95.76000213623047,94.9800033569336,95.4000015258789,95.68000030517578,314600.0,94.60010528564453
2019-10-22,96.33999633789062,95.61000061035156,95.81999969482422,95.93000030517578,325000.0,94.84727478027344
2019-10-23,96.51000213623047,95.43000030517578,95.69999694824219,95.66999816894531,386200.0,94.5902099609375
2019-10-24,97.79000091552734,96.12999725341797,96.7300033569336,96.47000122070312,567300.0,95.38118743896484
2019-10-25,96.80000305175781,95.0999984741211,95.9800033569336,96.38999938964844,440300.0,95.30208587646484
2019-10-28,97.68000030517578,96.76000213623047,96.76000213623047,96.83999633789062,263500.0,95.74700164794922
2019-10-29,97.80999755859375,96.56999969482422,96.56999969482422,97.80000305175781,447400.0,96.69617462158203
2019-10-30,97.62999725341797,96.33999633789062,97.62999725341797,97.25,268100.0,96.15238189697266
2019-10-31,97.36000061035156,96.23999786376953,96.75,97.33000183105469,516700.0,96.2314682006836
2019-11-01,98.45999908447266,97.55999755859375,97.63999938964844,98.0999984741211,268700.0,96.99278259277344
2019-11-04,98.9000015258789,97.16999816894531,98.62000274658203,97.95999908447266,601300.0,96.8543701171875
2019-11-05,99.29000091552734,97.79000091552734,97.97000122070312,98.12999725341797,361400.0,97.02244567871094
2019-11-06,98.54000091552734,97.69999694824219,97.93000030517578,98.5199966430664,375600.0,97.40804290771484
2019-11-07,99.62000274658203,98.7699966430664,98.7699966430664,98.94000244140625,312400.0,97.82330322265625
2019-11-08,99.19999694824219,98.12000274658203,98.9800033569336,98.93000030517578,393200.0,97.81343078613281
2019-11-11,99.19999694824219,98.0199966430664,98.41000366210938,98.70999908447266,339100.0,97.59590148925781
2019-11-12,99.66000366210938,98.5199966430664,98.98999786376953,99.36000061035156,298000.0,98.23855590820312
2019-11-13,99.5999984741211,98.18000030517578,98.76000213623047,99.56999969482422,393900.0,98.4461898803711
2019-11-14,100.20999908447266,99.23999786376953,99.30000305175781,100.13999938964844,413400.0,99.00975799560547
2019-11-15,100.83000183105469,99.12000274658203,100.3499984741211,99.2300033569336,800200.0,98.11003875732422
2019-11-18,99.56999969482422,98.44999694824219,98.83999633789062,99.52999877929688,449200.0,98.40664672851562
2019-11-19,100.25,99.22000122070312,99.80999755859375,99.38999938964844,464000.0,98.26822662353516
2019-11-20,100.47000122070312,99.0,99.18000030517578,100.08999633789062,602900.0,98.9603271484375
2019-11-21,100.52999877929688,99.5999984741211,100.27999877929688,100.33999633789062,392800.0,99.20750427246094
2019-11-22,101.01000213623047,100.01000213623047,100.66999816894531,100.94000244140625,325000.0,99.80072784423828
2019-11-25,101.62000274658203,100.69999694824219,101.04000091552734,101.37000274658203,402700.0,100.22589111328125
2019-11-26,102.4000015258789,101.06999969482422,101.23999786376953,102.3499984741211,1211500.0,101.19481658935547
2019-11-27,103.52999877929688,102.41999816894531,102.77999877929688,103.12999725341797,440200.0,101.96601867675781
2019-11-29,103.27999877929688,102.66999816894531,103.08000183105469,102.76000213623047,265800.0,101.6001968383789
2019-12-02,103.62000274658203,102.41000366210938,103.30999755859375,102.41000366210938,655400.0,101.254150390625
2019-12-03,101.31999969482422,100.2300033569336,101.31999969482422,100.7300033569336,483100.0,99.59310150146484
2019-12-04,102.0,100.83000183105469,100.83000183105469,101.62000274658203,463900.0,100.47306060791016
2019-12-05,102.2300033569336,101.54000091552734,101.63999938964844,102.08999633789062,346200.0,100.937744140625
2019-12-06,103.58999633789062,102.8499984741211,103.11000061035156,103.30000305175781,357500.0,102.13410186767578
2019-12-09,104.27999877929688,103.51000213623047,104.0,103.91000366210938,368300.0,102.73722076416016
2019-12-10,104.43000030517578,103.58999633789062,104.41000366210938,104.3499984741211,463900.0,103.1722412109375
2019-12-11,105.13999938964844,104.29000091552734,104.5,104.88999938964844,361000.0,103.70614624023438
2019-12-12,106.62999725341797,105.01000213623047,105.01000213623047,106.3499984741211,765200.0,105.14966583251953
2019-12-13,106.5199966430664,104.81999969482422,106.27999877929688,105.62000274658203,443500.0,104.42790985107422
2019-12-16,106.81999969482422,106.05000305175781,106.43000030517578,106.13999938964844,542100.0,104.9420394897461
2019-12-17,106.93000030517578,106.05000305175781,106.12999725341797,106.44999694824219,504800.0,105.24853515625
2019-12-18,106.77999877929688,105.77999877929688,106.55999755859375,106.05999755859375,466500.0,104.8629379272461
2019-12-19,106.04000091552734,105.44000244140625,106.04000091552734,105.76000213623047,404500.0,104.56633758544922
2019-12-20,107.27999877929688,105.97000122070312,106.36000061035156,106.62999725341797,995700.0,105.42650604248047
2019-12-23,106.87000274658203,105.68000030517578,106.87000274658203,105.77999877929688,434400.0,104.58609771728516
2019-12-24,106.27999877929688,105.54000091552734,106.27999877929688,106.13999938964844,254600.0,104.9420394897461
2019-12-26,106.63999938964844,105.70999908447266,106.44999694824219,105.97000122070312,200500.0,104.77397155761719
2019-12-27,106.23999786376953,105.55000305175781,106.23999786376953,105.86000061035156,262600.0,104.66520690917969
2019-12-30,106.19000244140625,105.16999816894531,106.02999877929688,105.19000244140625,324200.0,104.00276947021484
2019-12-31,105.66000366210938,104.91000366210938,105.19000244140625,105.25,548300.0,104.06209564208984
2020-01-02,105.86000061035156,104.33999633789062,105.33000183105469,105.55999755859375,837100.0,104.5404281616211
2020-01-03,104.63999938964844,103.7300033569336,104.63999938964844,104.30000305175781,392700.0,103.29259490966797
2020-01-06,103.87000274658203,103.08000183105469,103.48999786376953,103.75,571100.0,102.7479019165039
2020-01-07,104.0199966430664,103.02999877929688,103.37000274658203,103.6500015258789,311400.0,102.64887237548828
2020-01-08,104.69000244140625,103.12999725341797,103.81999969482422,103.5999984741211,367600.0,102.59934997558594
2020-01-09,104.66000366210938,103.9000015258789,104.4000015258789,104.6500015258789,311200.0,103.63921356201172
2020-01-10,105.01000213623047,103.98999786376953,104.61000061035156,104.25,270400.0,103.24307250976562
2020-01-13,104.5,103.87999725341797,104.20999908447266,104.08999633789062,772200.0,103.08462524414062
2020-01-14,104.23999786376953,103.6500015258789,104.01000213623047,103.93000030517578,396600.0,102.9261703491211
2020-01-15,103.98999786376953,103.33999633789062,103.51000213623047,103.72000122070312,440300.0,102.71819305419922
2020-01-16,104.54000091552734,103.73999786376953,104.19999694824219,104.44999694824219,577500.0,103.4411392211914
2020-01-17,105.36000061035156,104.05999755859375,104.81999969482422,104.44999694824219,613800.0,103.4411392211914
2020-01-21,104.68000030517578,103.61000061035156,103.94000244140625,103.8499984741211,381600.0,102.84693908691406
2020-01-22,104.80000305175781,103.56999969482422,104.23999786376953,103.66000366210938,433600.0,102.65878295898438
2020-01-23,105.0,102.79000091552734,103.0199966430664,104.7699966430664,386200.0,103.75804901123047
2020-01-24,105.5,103.93000030517578,104.88999938964844,104.79000091552734,300000.0,103.77786254882812
2020-01-27,103.79000091552734,102.66000366210938,102.81999969482422,103.23999786376953,366200.0,102.24283599853516
2020-01-28,105.6500015258789,103.36000061035156,103.80000305175781,104.98999786376953,474800.0,103.9759292602539
2020-01-29,106.25,105.23999786376953,105.23999786376953,105.95999908447266,299900.0,104.93655395507812
2020-01-30,107.37000274658203,105.19999694824219,105.19999694824219,107.29000091552734,329500.0,106.25371551513672
2020-01-31,106.69999694824219,103.86000061035156,106.37000274658203,104.26000213623047,506700.0,103.25298309326172
2020-02-03,106.0999984741211,105.06999969482422,105.20999908447266,105.41000366210938,436400.0,104.3918685913086
2020-02-04,107.66999816894531,106.54000091552734,106.54000091552734,107.12999725341797,454400.0,106.09526062011719
2020-02-05,108.6500015258789,104.61000061035156,105.58999633789062,108.4000015258789,652300.0,107.35298919677734
2020-02-06,109.0999984741211,107.4800033569336,108.9800033569336,108.08000183105469,370300.0,107.03609466552734
2020-02-07,109.0,107.76000213623047,107.91999816894531,108.58000183105469,383000.0,107.53125
2020-02-10,108.94999694824219,107.88999938964844,108.04000091552734,108.79000091552734,241500.0,107.73922729492188
2020-02-11,109.83000183105469,108.91999816894531,109.0,109.44000244140625,424300.0,108.38294982910156
2020-02-12,110.4000015258789,109.27999877929688,109.79000091552734,109.38999938964844,236900.0,108.33342742919922
2020-02-13,110.66999816894531,108.9800033569336,109.1500015258789,110.58999633789062,334400.0,109.52184295654297
2020-02-14,111.0,110.11000061035156,110.62000274658203,110.94999694824219,288500.0,109.87836456298828
2020-02-18,111.06999969482422,109.70999908447266,110.58999633789062,110.33000183105469,298700.0,109.26435852050781
2020-02-19,111.08000183105469,110.23999786376953,110.80999755859375,110.56999969482422,215000.0,109.50203704833984
2020-02-20,111.43000030517578,109.3499984741211,110.2699966430664,111.16000366210938,414100.0,110.08634185791016
2020-02-21,111.12000274658203,109.62999725341797,110.70999908447266,110.13999938964844,428800.0,109.07617950439453
2020-02-24,108.4800033569336,106.22000122070312,107.69000244140625,106.66999816894531,371800.0,105.63970184326172
2020-02-25,106.91000366210938,102.69000244140625,106.91000366210938,103.08000183105469,454500.0,102.08438110351562
2020-02-26,104.19000244140625,100.66999816894531,103.5,100.73999786376953,676000.0,99.76698303222656
2020-02-27,100.48999786376953,95.44000244140625,99.0,95.4800033569336,744300.0,94.55779266357422
2020-02-28,93.80999755859375,90.2699966430664,92.47000122070312,92.66000366210938,1402400.0,91.76502990722656
2020-03-02,96.16000366210938,92.08000183105469,93.16000366210938,96.13999938964844,773200.0,95.21141052246094
2020-03-03,96.80999755859375,90.9800033569336,95.68000030517578,91.18000030517578,822600.0,90.29931640625
2020-03-04,95.12999725341797,90.33000183105469,92.7699966430664,95.05000305175781,787800.0,94.1319351196289
2020-03-05,92.45999908447266,88.52999877929688,92.0,89.6500015258789,639200.0,88.78409576416016
2020-03-06,87.62999725341797,84.7300033569336,86.05999755859375,86.5999984741211,990300.0,85.7635498046875
2020-03-09,80.16000366210938,74.16000366210938,79.0,74.97000122070312,1235900.0,74.24588012695312
2020-03-10,78.77999877929688,73.86000061035156,77.25,78.7300033569336,959600.0,77.96957397460938
2020-03-11,77.2300033569336,72.87999725341797,76.45999908447266,73.37000274658203,1029400.0,72.66133880615234
2020-03-12,68.69000244140625,62.56999969482422,67.98999786376953,63.779998779296875,1134700.0,63.163963317871094
2020-03-13,71.6500015258789,63.79999923706055,68.18000030517578,71.58000183105469,1003300.0,70.88862609863281
2020-03-16,67.63999938964844,61.599998474121094,62.56999969482422,61.95000076293945,947300.0,61.35164260864258
2020-03-17,67.79000091552734,60.72999954223633,63.290000915527344,67.62999725341797,928600.0,66.97677612304688
2020-03-18,69.01000213623047,62.0099983215332,63.91999816894531,67.05999755859375,1512500.0,66.41228485107422
2020-03-19,67.08999633789062,62.380001068115234,65.66000366210938,64.5,804800.0,63.87701416015625
2020-03-20,66.9800033569336,61.029998779296875,64.62000274658203,61.40999984741211,1224500.0,60.816856384277344
2020-03-23,61.5,56.7400016784668,61.5,58.150001525878906,720100.0,57.588348388671875
2020-03-24,65.5999984741211,60.5099983215332,60.56999969482422,65.37999725341797,660300.0,64.74850463867188
2020-03-25,71.6500015258789,63.66999816894531,64.9000015258789,67.81999969482422,978300.0,67.16494750976562
2020-03-26,73.0,67.06999969482422,68.7300033569336,72.30999755859375,1027100.0,71.61157989501953
2020-03-27,72.98999786376953,68.91999816894531,70.12999725341797,71.2300033569336,631200.0,70.54202270507812
2020-03-30,74.63999938964844,68.95999908447266,70.9800033569336,74.22000122070312,808400.0,73.50314331054688
2020-03-31,74.77999877929688,71.29000091552734,73.19000244140625,71.97000122070312,869100.0,71.27485656738281
2020-04-01,69.68000030517578,65.04000091552734,68.06999969482422,66.0199966430664,857100.0,65.38232421875
2020-04-02,67.83999633789062,64.91000366210938,65.05000305175781,66.95999908447266,768600.0,66.50262451171875
2020-04-03,66.72000122070312,63.08000183105469,65.80999755859375,63.93000030517578,816700.0,63.49332046508789
2020-04-06,72.5,67.33999633789062,67.80999755859375,71.87000274658203,715200.0,71.37908935546875
2020-04-07,76.5999984741211,71.04000091552734,75.68000030517578,71.30000305175781,727700.0,70.81298065185547
2020-04-08,75.62999725341797,70.63999938964844,71.58000183105469,75.20999908447266,614500.0,74.69627380371094
2020-04-09,81.2699966430664,75.94000244140625,76.06999969482422,80.4000015258789,668400.0,79.850830078125
2020-04-13,80.23999786376953,77.52999877929688,78.75,79.70999908447266,517200.0,79.16552734375
2020-04-14,81.66999816894531,78.62999725341797,81.5,80.0199966430664,834700.0,79.4734115600586
2020-04-15,77.2699966430664,74.56999969482422,77.19000244140625,75.0,698300.0,74.48770904541016
2020-04-16,75.1500015258789,72.55000305175781,74.19000244140625,72.80000305175781,610400.0,72.302734375
2020-04-17,77.81999969482422,74.9000015258789,76.12999725341797,77.25,646600.0,76.72233581542969
2020-04-20,76.69999694824219,74.06999969482422,75.81999969482422,75.5999984741211,723400.0,75.08361053466797
2020-04-21,74.75,72.88999938964844,73.55999755859375,73.51000213623047,599000.0,73.00788879394531
2020-04-22,75.66999816894531,73.19999694824219,75.66999816894531,73.22000122070312,503700.0,72.71986389160156
2020-04-23,77.11000061035156,71.6500015258789,72.88999938964844,74.86000061035156,871200.0,74.34866333007812
2020-04-24,76.20999908447266,73.88999938964844,75.69000244140625,76.06999969482422,599900.0,75.5503921508789
2020-04-27,82.48999786376953,76.33999633789062,76.37000274658203,82.2300033569336,863700.0,81.66831970214844
2020-04-28,86.08000183105469,82.81999969482422,84.44000244140625,83.06999969482422,759700.0,82.5025863647461
2020-04-29,86.41000366210938,83.66000366210938,85.69999694824219,85.38999938964844,439500.0,84.80673217773438
2020-04-30,84.56999969482422,82.25,83.0999984741211,82.33999633789062,485900.0,81.7775650024414
2020-05-01,81.04000091552734,79.05999755859375,80.80000305175781,79.98999786376953,532200.0,79.4436264038086
2020-05-04,79.70999908447266,77.45999908447266,78.98999786376953,78.55999755859375,641300.0,78.02339172363281
2020-05-05,80.61000061035156,77.5,80.4000015258789,77.54000091552734,475900.0,77.01036071777344
2020-05-06,78.31999969482422,74.08999633789062,78.06999969482422,74.19000244140625,529200.0,73.68324279785156
2020-05-07,77.8499984741211,75.04000091552734,75.04000091552734,75.7300033569336,661700.0,75.21273040771484
2020-05-08,77.75,75.5199966430664,77.44999694824219,77.75,645500.0,77.21892547607422
2020-05-11,77.27999877929688,75.0,76.47000122070312,75.11000061035156,612500.0,74.59695434570312
2020-05-12,75.38999938964844,71.61000061035156,74.9800033569336,71.61000061035156,574200.0,71.12086486816406
2020-05-13,70.80999755859375,65.9000015258789,70.80999755859375,66.55000305175781,821800.0,66.09542846679688
2020-05-14,67.55000305175781,62.75,65.29000091552734,67.37000274658203,754400.0,66.90982818603516
2020-05-15,69.02999877929688,65.30999755859375,66.4800033569336,68.76000213623047,2836500.0,68.29033660888672
2020-05-18,75.04000091552734,71.5999984741211,72.48999786376953,73.94000244140625,1604300.0,73.43494415283203
2020-05-19,73.83000183105469,70.73999786376953,73.68000030517578,70.75,487900.0,70.26673126220703
2020-05-20,73.62000274658203,71.56999969482422,71.80999755859375,72.5999984741211,447500.0,72.1041030883789
2020-05-21,73.8499984741211,72.12000274658203,72.12000274658203,73.37999725341797,397300.0,72.87876892089844
2020-05-22,73.44999694824219,71.66999816894531,73.36000061035156,72.54000091552734,546900.0,72.04450988769531
2020-05-26,78.2300033569336,75.2699966430664,75.81999969482422,76.83000183105469,472000.0,76.30520629882812
2020-05-27,81.05999755859375,78.13999938964844,80.3499984741211,78.44000244140625,578300.0,77.90421295166016
2020-05-28,79.18000030517578,76.7300033569336,79.18000030517578,77.08000183105469,516500.0,76.55350494384766
2020-05-29,77.80999755859375,75.25,76.04000091552734,77.0199966430664,879000.0,76.49390411376953
2020-06-01,79.94999694824219,76.37999725341797,77.33000183105469,79.25,696200.0,78.70867919921875
2020-06-02,81.01000213623047,78.51000213623047,80.66999816894531,78.94000244140625,620500.0,78.40079498291016
2020-06-03,82.7699966430664,80.33999633789062,80.94000244140625,80.86000061035156,521300.0,80.30767822265625
2020-06-04,82.68000030517578,79.54000091552734,80.25,82.63999938964844,651300.0,82.07552337646484
2020-06-05,88.43000030517578,85.69000244140625,87.36000061035156,85.91999816894531,611800.0,85.33311462402344
2020-06-08,88.52999877929688,86.22000122070312,86.31999969482422,87.23999786376953,649800.0,86.64410400390625
2020-06-09,85.94000244140625,83.7699966430664,84.62999725341797,85.01000213623047,441700.0,84.42932891845703
2020-06-10,84.91000366210938,82.30999755859375,84.41000366210938,82.48999786376953,551600.0,81.92654418945312
2020-06-11,79.69000244140625,73.91999816894531,78.13999938964844,74.0,591800.0,73.49453735351562
2020-06-12,77.75,73.69000244140625,77.2699966430664,75.9000015258789,511800.0,75.38156127929688
2020-06-15,77.4000015258789,72.81999969482422,72.94999694824219,76.86000061035156,537500.0,76.33499908447266
2020-06-16,81.0,76.72000122070312,81.0,78.22000122070312,605100.0,77.68571472167969
2020-06-17,78.63999938964844,76.11000061035156,78.43000030517578,76.4800033569336,897100.0,75.95760345458984
2020-06-18,77.43000030517578,75.33000183105469,75.41999816894531,76.63999938964844,394200.0,76.11650848388672
2020-06-19,78.63999938964844,74.5999984741211,78.63999938964844,76.19999694824219,1027200.0,75.67950439453125
2020-06-22,75.80999755859375,74.31999969482422,75.80999755859375,75.44999694824219,499600.0,74.93463134765625
2020-06-23,77.25,74.7699966430664,77.04000091552734,74.81999969482422,647800.0,74.3089370727539
2020-06-24,73.83000183105469,71.12999725341797,73.83000183105469,71.19000244140625,978500.0,70.7037353515625
2020-06-25,72.80000305175781,70.45999908447266,70.6500015258789,72.66000366210938,651100.0,72.1636962890625
2020-06-26,72.02999877929688,70.19000244140625,71.54000091552734,70.8499984741211,888600.0,70.36605072021484
2020-06-29,73.0199966430664,71.13999938964844,72.12999725341797,72.3499984741211,501400.0,71.8558120727539
2020-06-30,74.76000213623047,72.18000030517578,72.18000030517578,74.2300033569336,631500.0,73.72296905517578
2020-07-01,74.62999725341797,72.2699966430664,74.5999984741211,72.80000305175781,583500.0,72.302734375
2020-07-02,75.04000091552734,72.29000091552734,74.61000061035156,72.52999877929688,424200.0,72.22108459472656
2020-07-06,75.18000030517578,73.05999755859375,74.4000015258789,73.91999816894531,537600.0,73.60516357421875
2020-07-07,73.08000183105469,71.37999725341797,72.79000091552734,71.5,760600.0,71.19547271728516
2020-07-08,73.0999984741211,71.19999694824219,71.81999969482422,72.19999694824219,846800.0,71.89249420166016
2020-07-09,72.1500015258789,69.47000122070312,72.1500015258789,70.19000244140625,426700.0,69.89105987548828
2020-07-10,72.3499984741211,70.31999969482422,70.37000274658203,72.31999969482422,661300.0,72.01197814941406
2020-07-13,73.68000030517578,71.9800033569336,73.3499984741211,72.5199966430664,379900.0,72.21112823486328
2020-07-14,73.6500015258789,71.77999877929688,72.25,73.37999725341797,387500.0,73.06745910644531
2020-07-15,75.79000091552734,74.12000274658203,75.05000305175781,75.30999755859375,344400.0,74.98924255371094
2020-07-16,77.31999969482422,74.4000015258789,74.55999755859375,75.97000122070312,380300.0,75.64643859863281
2020-07-17,76.19000244140625,74.73999786376953,76.19000244140625,75.31999969482422,423400.0,74.99920654296875
2020-07-20,75.12000274658203,73.52999877929688,74.77999877929688,74.13999938964844,354900.0,73.82422637939453
2020-07-21,76.1500015258789,74.22000122070312,74.30999755859375,75.20999908447266,502200.0,74.88966369628906
2020-07-22,75.86000061035156,74.44000244140625,74.55999755859375,75.68000030517578,469600.0,75.35767364501953
2020-07-23,80.88999938964844,78.02999877929688,78.97000122070312,80.31999969482422,999500.0,79.97791290283203
2020-07-24,81.26000213623047,78.94000244140625,81.18000030517578,80.37000274658203,773300.0,80.02769470214844
2020-07-27,80.22000122070312,78.72000122070312,79.61000061035156,79.56999969482422,716900.0,79.2311019897461
2020-07-28,80.0999984741211,78.30999755859375,79.12000274658203,78.38999938964844,334400.0,78.05612182617188
2020-07-29,81.0999984741211,78.13999938964844,78.13999938964844,80.73999786376953,505600.0,80.3961181640625
2020-07-30,80.11000061035156,78.47000122070312,78.87999725341797,79.73999786376953,608000.0,79.40037536621094
2020-07-31,80.41000366210938,78.93000030517578,79.62999725341797,79.5999984741211,678300.0,79.26097106933594
2020-08-03,80.19000244140625,78.94000244140625,79.83999633789062,79.55000305175781,503800.0,79.21118927001953
2020-08-04,79.58000183105469,78.55999755859375,79.22000122070312,78.68000030517578,339700.0,78.34488677978516
2020-08-05,80.70999908447266,79.30000305175781,79.44999694824219,80.30000305175781,617700.0,79.95800018310547
2020-08-06,81.0999984741211,79.91999816894531,80.05000305175781,80.33000183105469,580700.0,79.98786926269531
2020-08-07,82.80000305175781,79.80999755859375,79.91000366210938,82.68000030517578,431400.0,82.32785034179688
2020-08-10,85.08000183105469,82.76000213623047,82.81999969482422,84.79000091552734,431200.0,84.42887115478516
2020-08-11,87.51000213623047,85.41000366210938,86.56999969482422,85.76000213623047,487900.0,85.39473724365234
2020-08-12,87.27999877929688,84.62000274658203,87.27999877929688,85.54000091552734,330100.0,85.17567443847656
2020-08-13,85.54000091552734,83.83999633789062,84.5,84.9800033569336,267100.0,84.61805725097656
2020-08-14,85.94000244140625,84.37000274658203,84.37000274658203,85.4800033569336,250500.0,85.11592864990234
2020-08-17,85.41000366210938,83.27999877929688,85.16999816894531,83.41000366210938,358800.0,83.05474853515625
2020-08-18,83.86000061035156,82.26000213623047,83.37000274658203,82.66000366210938,473200.0,82.30793762207031
2020-08-19,83.55999755859375,82.43000030517578,82.68000030517578,82.61000061035156,271000.0,82.2581558227539
2020-08-20,82.12000274658203,81.01000213623047,81.3499984741211,81.16000366210938,283900.0,80.81433868408203
2020-08-21,81.66000366210938,80.29000091552734,81.04000091552734,80.7300033569336,317900.0,80.38616180419922
2020-08-24,84.5,80.9800033569336,81.38999938964844,84.48999786376953,398200.0,84.13014221191406
2020-08-25,85.62999725341797,83.91000366210938,85.38999938964844,84.30999755859375,349000.0,83.95091247558594
2020-08-26,84.58999633789062,83.23999786376953,84.08999633789062,84.16000366210938,346000.0,83.80155181884766
2020-08-27,85.91999816894531,83.91000366210938,83.91000366210938,85.08999633789062,406400.0,84.72758483886719
2020-08-28,85.7699966430664,84.44999694824219,85.7699966430664,84.81999969482422,430600.0,84.458740234375
2020-08-31,84.66000366210938,82.44000244140625,84.66000366210938,82.4800033569336,499900.0,82.12871551513672
2020-09-01,83.5999984741211,81.44999694824219,81.86000061035156,82.02999877929688,494100.0,81.68061828613281
2020-09-02,83.56999969482422,81.61000061035156,82.0,82.9800033569336,599400.0,82.6265869140625
2020-09-03,85.98999786376953,81.47000122070312,83.87999725341797,81.8499984741211,625400.0,81.50138854980469
2020-09-04,84.72000122070312,82.79000091552734,84.0,83.88999938964844,640900.0,83.53269958496094
2020-09-08,83.4000015258789,80.62999725341797,83.4000015258789,81.5199966430664,527800.0,81.17279052734375
2020-09-09,82.58000183105469,81.2699966430664,82.36000061035156,81.5999984741211,440600.0,81.25245666503906
2020-09-10,82.69999694824219,80.06999969482422,82.16000366210938,80.06999969482422,480300.0,79.72897338867188
2020-09-11,81.9000015258789,79.55000305175781,80.08000183105469,81.47000122070312,368700.0,81.12300872802734
2020-09-14,83.83000183105469,82.23999786376953,82.23999786376953,83.2300033569336,346000.0,82.87551879882812
2020-09-15,84.01000213623047,82.37999725341797,83.1500015258789,83.38999938964844,576500.0,83.03482818603516
2020-09-16,85.18000030517578,83.25,83.25,83.80999755859375,591000.0,83.45304107666016
2020-09-17,84.1500015258789,82.55999755859375,83.0,83.4000015258789,542200.0,83.04479217529297
2020-09-18,84.0199966430664,82.36000061035156,82.9800033569336,82.45999908447266,836900.0,82.10879516601562
2020-09-21,81.31999969482422,78.22000122070312,80.47000122070312,79.29000091552734,861400.0,78.9522933959961
2020-09-22,80.66999816894531,78.98999786376953,78.98999786376953,79.47000122070312,786600.0,79.13153076171875
2020-09-23,80.95999908447266,77.30999755859375,79.87999725341797,77.41000366210938,443700.0,77.0802993774414
2020-09-24,79.18000030517578,75.38999938964844,77.37000274658203,77.77999877929688,463800.0,77.44872283935547
2020-09-25,78.91999816894531,76.87000274658203,77.0,78.47000122070312,326000.0,78.13578796386719
2020-09-28,80.70999908447266,79.26000213623047,79.87999725341797,79.8499984741211,450600.0,79.50990295410156
2020-09-29,80.02999877929688,78.72000122070312,79.38999938964844,79.01000213623047,414600.0,78.6734848022461
2020-09-30,80.6500015258789,79.11000061035156,79.37000274658203,79.9000015258789,511100.0,79.5596923828125
2020-10-01,80.7699966430664,78.88999938964844,79.79000091552734,80.5199966430664,415900.0,80.17704772949219
2020-10-02,81.62000274658203,79.08000183105469,79.26000213623047,80.79000091552734,372200.0,80.63417053222656
2020-10-05,82.80000305175781,81.45999908447266,81.91000366210938,82.16999816894531,323200.0,82.01150512695312
2020-10-06,83.77999877929688,80.91000366210938,82.86000061035156,81.05999755859375,409400.0,80.90364837646484
2020-10-07,83.04000091552734,81.70999908447266,81.94000244140625,82.13999938964844,399400.0,81.9815673828125
2020-10-08,83.5999984741211,82.19000244140625,82.9000015258789,82.97000122070312,457000.0,82.80996704101562
2020-10-09,84.0,81.7699966430664,83.83000183105469,81.79000091552734,300600.0,81.63224029541016
2020-10-12,82.98999786376953,81.75,81.75,82.44000244140625,266600.0,82.28099060058594
2020-10-13,82.4000015258789,80.77999877929688,81.75,81.31999969482422,537800.0,81.16314697265625
2020-10-14,83.0199966430664,81.44000244140625,81.86000061035156,81.5199966430664,451200.0,81.36276245117188
2020-10-15,83.26000213623047,80.2300033569336,80.43000030517578,82.87000274658203,428700.0,82.71015930175781
2020-10-16,83.80999755859375,82.30000305175781,82.98999786376953,83.23999786376953,414000.0,83.0794448852539
2020-10-19,84.56999969482422,82.44000244140625,83.22000122070312,82.68000030517578,398100.0,82.52052307128906
2020-10-20,84.5999984741211,83.12999725341797,83.25,83.44999694824219,440300.0,83.2890396118164
2020-10-21,84.66999816894531,83.45999908447266,83.45999908447266,84.12999725341797,591000.0,83.96772766113281
2020-10-22,86.98999786376953,81.9800033569336,84.08000183105469,86.4800033569336,814900.0,86.31320190429688
2020-10-23,87.75,85.4000015258789,87.16000366210938,86.13999938964844,499300.0,85.9738540649414
2020-10-26,85.0,83.4800033569336,85.0,83.83000183105469,472000.0,83.6683120727539
2020-10-27,83.94000244140625,81.26000213623047,83.36000061035156,81.3499984741211,414900.0,81.1930923461914
2020-10-28,80.62000274658203,78.62000274658203,79.80999755859375,78.79000091552734,513100.0,78.63803100585938
2020-10-29,80.47000122070312,77.70999908447266,78.4800033569336,79.7699966430664,484100.0,79.61613464355469
2020-10-30,81.62999725341797,79.3499984741211,79.58000183105469,81.08999633789062,731600.0,80.93358612060547
2020-11-02,83.73999786376953,81.66000366210938,82.52999877929688,83.25,379700.0,83.08942413330078
2020-11-03,86.33999633789062,84.2699966430664,84.86000061035156,85.1500015258789,478400.0,84.98576354980469
2020-11-04,86.36000061035156,82.25,83.01000213623047,83.75,361900.0,83.58846282958984
2020-11-05,86.75,84.2699966430664,84.2699966430664,86.30000305175781,326900.0,86.133544921875
2020-11-06,87.3499984741211,84.2300033569336,86.72000122070312,84.69999694824219,283400.0,84.53662872314453
2020-11-09,93.58999633789062,90.02999877929688,93.01000213623047,91.47000122070312,744900.0,91.29357147216797
2020-11-10,93.4000015258789,91.44000244140625,91.83000183105469,92.7699966430664,388500.0,92.591064453125
2020-11-11,93.18000030517578,90.7699966430664,93.18000030517578,91.98999786376953,340100.0,91.81256866455078
2020-11-12,91.4000015258789,88.56999969482422,91.02999877929688,89.3499984741211,342600.0,89.17765808105469
2020-11-13,92.56999969482422,90.36000061035156,90.44000244140625,92.04000091552734,331000.0,91.86247253417969
2020-11-16,94.97000122070312,92.93000030517578,94.56999969482422,94.26000213623047,369600.0,94.07819366455078
2020-11-17,94.22000122070312,92.25,92.98999786376953,93.79000091552734,334500.0,93.60910034179688
2020-11-18,95.20999908447266,92.37999725341797,93.88999938964844,92.45999908447266,381900.0,92.28166198730469
2020-11-19,93.61000061035156,91.19999694824219,91.75,93.3499984741211,399400.0,93.1699447631836
2020-11-20,93.7300033569336,92.54000091552734,92.9800033569336,93.29000091552734,373800.0,93.11006164550781
2020-11-23,95.05999755859375,93.70999908447266,94.4800033569336,94.62999725341797,413000.0,94.44747161865234
2020-11-24,97.5999984741211,95.38999938964844,96.30999755859375,97.5199966430664,503300.0,97.33190155029297
2020-11-25,96.94999694824219,95.33999633789062,96.5999984741211,96.6500015258789,308900.0,96.46358489990234
2020-11-27,97.44999694824219,95.83999633789062,96.16999816894531,96.0199966430664,194100.0,95.83479309082031
2020-11-30,95.77999877929688,92.93000030517578,95.25,93.0999984741211,1550200.0,92.92042541503906
2020-12-01,95.55000305175781,93.86000061035156,94.93000030517578,94.44000244140625,477800.0,94.25784301757812
2020-12-02,95.33999633789062,94.11000061035156,94.25,95.12999725341797,268000.0,94.9465103149414
2020-12-03,95.7300033569336,94.56999969482422,94.69999694824219,94.94999694824219,323200.0,94.76685333251953
2020-12-04,97.16999816894531,95.66000366210938,95.7300033569336,96.45999908447266,370400.0,96.2739486694336
2020-12-07,96.0199966430664,94.55999755859375,95.7699966430664,94.87999725341797,294800.0,94.69699096679688
2020-12-08,94.75,93.70999908447266,93.70999908447266,94.55000305175781,426400.0,94.36763763427734
2020-12-09,95.25,93.81999969482422,95.16999816894531,94.36000061035156,341000.0,94.1780014038086
2020-12-10,95.1500015258789,93.58000183105469,93.58000183105469,94.87999725341797,395100.0,94.69699096679688
2020-12-11,95.16000366210938,93.48999786376953,93.7699966430664,93.69999694824219,332200.0,93.5192642211914
2020-12-14,95.06999969482422,91.7699966430664,95.06999969482422,91.7699966430664,426600.0,91.59298706054688
2020-12-15,93.87999725341797,92.0999984741211,92.83999633789062,93.70999908447266,411600.0,93.52925109863281
2020-12-16,94.52999877929688,92.94999694824219,94.12999725341797,93.52999877929688,315600.0,93.34959411621094
2020-12-17,93.63999938964844,92.63999938964844,93.55999755859375,93.43000030517578,337900.0,93.24979400634766
2020-12-18,94.05999755859375,92.08000183105469,93.37000274658203,92.80999755859375,1211600.0,92.6309814453125
2020-12-21,93.30999755859375,89.91999816894531,93.30999755859375,92.25,471700.0,92.07206726074219
2020-12-22,92.93000030517578,91.58999633789062,92.2300033569336,91.75,447600.0,91.57302856445312
2020-12-23,93.62999725341797,92.11000061035156,92.11000061035156,92.9000015258789,554300.0,92.72081756591797
2020-12-24,93.55999755859375,91.87999725341797,93.30000305175781,92.87000274658203,76100.0,92.69087219238281
2020-12-28,94.66000366210938,92.93000030517578,93.44000244140625,93.29000091552734,345500.0,93.11006164550781
2020-12-29,93.7699966430664,92.08000183105469,93.72000122070312,92.16000366210938,514800.0,91.98224639892578
2020-12-30,93.83999633789062,92.6500015258789,92.6500015258789,93.20999908447266,400000.0,93.03021240234375
2020-12-31,95.12000274658203,92.69999694824219,93.08000183105469,94.95999908447266,250800.0,94.77684020996094
2021-01-04,95.5999984741211,92.04000091552734,95.36000061035156,92.4000015258789,390700.0,92.2217788696289
2021-01-05,93.22000122070312,91.87999725341797,92.12000274658203,92.33000183105469,289000.0,92.15191650390625
2021-01-06,97.79000091552734,93.8499984741211,94.36000061035156,97.47000122070312,624700.0,97.28199768066406
2021-01-07,98.81999969482422,96.91999816894531,98.06999969482422,96.97000122070312,457100.0,96.97000122070312
2021-01-08,97.37999725341797,95.37999725341797,97.13999938964844,96.44000244140625,297300.0,96.44000244140625
2021-01-11,96.37999725341797,94.8499984741211,95.2699966430664,95.36000061035156,341600.0,95.36000061035156
2021-01-12,96.58000183105469,95.12000274658203,95.41999816894531,95.6500015258789,392300.0,95.6500015258789
2021-01-13,96.23999786376953,95.11000061035156,95.44000244140625,95.91000366210938,389300.0,95.91000366210938
2021-01-14,97.2300033569336,96.0,96.4800033569336,96.58000183105469,357500.0,96.58000183105469
2021-01-15,96.4000015258789,95.08999633789062,95.56999969482422,96.08000183105469,365700.0,96.08000183105469
2021-01-19,97.73999786376953,96.13999938964844,96.41999816894531,96.87999725341797,409000.0,96.87999725341797
2021-01-20,96.9800033569336,95.95999908447266,96.73999786376953,96.5199966430664,352000.0,96.5199966430664
2021-01-21,96.61000061035156,95.55999755859375,96.2300033569336,95.70999908447266,375100.0,95.70999908447266
2021-01-22,95.02999877929688,94.01000213623047,94.4800033569336,94.33999633789062,592100.0,94.33999633789062
2021-01-25,94.44999694824219,92.3499984741211,93.31999969482422,93.5,455400.0,93.5
2021-01-26,94.16000366210938,93.08999633789062,93.8499984741211,93.11000061035156,382900.0,93.11000061035156
2021-01-27,92.36000061035156,90.06999969482422,91.55999755859375,90.19999694824219,489400.0,90.19999694824219
2021-01-28,94.33999633789062,90.94999694824219,91.33000183105469,92.76000213623047,475500.0,92.76000213623047
2021-01-29,92.20999908447266,89.83999633789062,92.01000213623047,90.38999938964844,547200.0,90.38999938964844
2021-02-01,91.58999633789062,89.58000183105469,91.0999984741211,91.33000183105469,632100.0,91.33000183105469
2021-02-02,93.5,91.2699966430664,92.5,92.58000183105469,501900.0,92.58000183105469
2021-02-03,94.33000183105469,89.7699966430664,92.4000015258789,90.83999633789062,649000.0,90.83999633789062
2021-02-04,94.05000305175781,90.93000030517578,90.93000030517578,93.02999877929688,407500.0,93.02999877929688
2021-02-05,93.80999755859375,91.94999694824219,93.4000015258789,93.66000366210938,379200.0,93.66000366210938
2021-02-08,94.45999908447266,93.4000015258789,93.52999877929688,94.0999984741211,461300.0,94.0999984741211
2021-02-09,93.79000091552734,92.66000366210938,93.58999633789062,92.75,415000.0,92.75
2021-02-10,93.19000244140625,91.81999969482422,93.13999938964844,92.36000061035156,464300.0,92.36000061035156
2021-02-11,93.2300033569336,92.04000091552734,92.26000213623047,92.70999908447266,377800.0,92.70999908447266
2021-02-12,94.05999755859375,92.8499984741211,92.8499984741211,94.0199966430664,306500.0,94.0199966430664
2021-02-16,94.91000366210938,93.69999694824219,94.0999984741211,93.77999877929688,693800.0,93.77999877929688
2021-02-17,94.8499984741211,93.08999633789062,93.56999969482422,94.68000030517578,420000.0,94.68000030517578
2021-02-18,94.44000244140625,93.02999877929688,94.12000274658203,93.58000183105469,762700.0,93.58000183105469
2021-02-19,95.70999908447266,93.27999877929688,94.05000305175781,95.30000305175781,603800.0,95.30000305175781
2021-02-22,97.22000122070312,94.97000122070312,94.97000122070312,96.54000091552734,531800.0,96.54000091552734
2021-02-23,97.44000244140625,95.37000274658203,97.26000213623047,96.16999816894531,666700.0,96.16999816894531
2021-02-24,98.98999786376953,96.13999938964844,96.13999938964844,98.31999969482422,372400.0,98.31999969482422
2021-02-25,99.26000213623047,95.43000030517578,99.0999984741211,96.2300033569336,400700.0,96.2300033569336
2021-02-26,96.0,93.30000305175781,95.81999969482422,93.4000015258789,700800.0,93.4000015258789
2021-03-01,96.5999984741211,94.93000030517578,95.06999969482422,95.12000274658203,501300.0,95.12000274658203
2021-03-02,96.7300033569336,94.93000030517578,95.04000091552734,96.05999755859375,392400.0,96.05999755859375
2021-03-03,97.75,96.05000305175781,96.22000122070312,96.31999969482422,358800.0,96.31999969482422
2021-03-04,96.43000030517578,93.55000305175781,96.0,94.51000213623047,409900.0,94.51000213623047
2021-03-05,97.83999633789062,94.16999816894531,95.44000244140625,97.31999969482422,423500.0,97.31999969482422
2021-03-08,101.58000183105469,98.26000213623047,98.43000030517578,99.47000122070312,491800.0,99.47000122070312
2021-03-09,100.80000305175781,97.56999969482422,98.66000366210938,99.05000305175781,507900.0,99.05000305175781
2021-03-10,101.80000305175781,98.9000015258789,98.9000015258789,101.13999938964844,418600.0,101.13999938964844
2021-03-11,101.0199966430664,99.1500015258789,99.1500015258789,99.8499984741211,340500.0,99.8499984741211
2021-03-12,101.52999877929688,100.06999969482422,101.30999755859375,101.38999938964844,414500.0,101.38999938964844
2021-03-15,101.19000244140625,99.63999938964844,101.1500015258789,101.18000030517578,254900.0,101.18000030517578
2021-03-16,100.88999938964844,98.9000015258789,100.29000091552734,99.62999725341797,264600.0,99.62999725341797
2021-03-17,101.38999938964844,99.48999786376953,100.55000305175781,100.51000213623047,317400.0,100.51000213623047
2021-03-18,102.25,99.88999938964844,101.75,100.04000091552734,443200.0,100.04000091552734
2021-03-19,100.0199966430664,97.87999725341797,99.19000244140625,98.95999908447266,985300.0,98.95999908447266
