Date,High,Low,Open,Close,Volume,Adj Close
2010-01-04,16.170000076293945,15.890000343322754,16.020000457763672,16.1200008392334,1418700.0,14.932297706604004
2010-01-05,16.1299991607666,15.859999656677246,16.079999923706055,15.920000076293945,2431600.0,14.74703598022461
2010-01-06,16.170000076293945,15.720000267028809,15.9399995803833,16.1299991607666,2836900.0,14.941559791564941
2010-01-07,16.200000762939453,15.100000381469727,15.600000381469727,15.970000267028809,3870700.0,14.793350219726562
2010-01-08,15.880000114440918,15.550000190734863,15.880000114440918,15.65999984741211,2100300.0,14.50618839263916
2010-01-11,15.800000190734863,15.529999732971191,15.65999984741211,15.6899995803833,1536000.0,14.533977508544922
2010-01-12,15.75,15.520000457763672,15.630000114440918,15.649999618530273,1762900.0,14.49692440032959
2010-01-13,16.0,15.609999656677246,15.640000343322754,15.90999984741211,1518800.0,14.737768173217773
2010-01-14,16.479999542236328,15.979999542236328,15.979999542236328,16.329999923706055,2467000.0,15.126823425292969
2010-01-15,16.549999237060547,16.290000915527344,16.3700008392334,16.40999984741211,2384700.0,15.200927734375
2010-01-19,16.84000015258789,16.3799991607666,16.3799991607666,16.81999969482422,2334600.0,15.58072280883789
2010-01-20,16.84000015258789,16.540000915527344,16.65999984741211,16.829999923706055,2655400.0,15.589985847473145
2010-01-21,17.040000915527344,16.719999313354492,16.719999313354492,16.790000915527344,2402300.0,15.552932739257812
2010-01-22,16.850000381469727,16.5,16.81999969482422,16.610000610351562,2110100.0,15.38619327545166
2010-01-25,16.799999237060547,16.459999084472656,16.799999237060547,16.610000610351562,1274300.0,15.38619327545166
2010-01-26,16.6200008392334,16.40999984741211,16.469999313354492,16.420000076293945,1001200.0,15.21019458770752
2010-01-27,16.479999542236328,16.059999465942383,16.399999618530273,16.34000015258789,1120600.0,15.136089324951172
2010-01-28,16.450000762939453,16.100000381469727,16.40999984741211,16.170000076293945,734700.0,14.978612899780273
2010-01-29,16.270000457763672,16.030000686645508,16.229999542236328,16.079999923706055,1461400.0,14.895242691040039
2010-02-01,16.290000915527344,16.06999969482422,16.18000030517578,16.229999542236328,991900.0,15.034193992614746
2010-02-02,16.420000076293945,16.1200008392334,16.280000686645508,16.389999389648438,829100.0,15.182401657104492
2010-02-03,16.420000076293945,16.190000534057617,16.360000610351562,16.309999465942383,685200.0,15.108298301696777
2010-02-04,16.200000762939453,15.40999984741211,16.15999984741211,15.449999809265137,1993900.0,14.311664581298828
2010-02-05,15.510000228881836,14.949999809265137,15.399999618530273,15.329999923706055,3211500.0,14.200501441955566
2010-02-08,15.369999885559082,14.869999885559082,15.369999885559082,14.930000305175781,2205700.0,13.829977035522461
2010-02-09,15.329999923706055,14.960000038146973,15.170000076293945,15.199999809265137,1509800.0,14.08008098602295
2010-02-10,15.239999771118164,14.90999984741211,15.170000076293945,15.130000114440918,1615800.0,14.015239715576172
2010-02-11,15.529999732971191,15.079999923706055,15.180000305175781,15.489999771118164,1351500.0,14.348713874816895
2010-02-12,15.59000015258789,15.279999732971191,15.380000114440918,15.359999656677246,1974200.0,14.228293418884277
2010-02-16,15.609999656677246,15.369999885559082,15.430000305175781,15.609999656677246,839500.0,14.45987319946289
2010-02-17,15.84000015258789,15.550000190734863,15.649999618530273,15.680000305175781,1360400.0,14.524715423583984
2010-02-18,15.800000190734863,15.5600004196167,15.609999656677246,15.59000015258789,1448000.0,14.441346168518066
2010-02-19,15.630000114440918,15.329999923706055,15.479999542236328,15.600000381469727,1589900.0,14.450611114501953
2010-02-22,15.680000305175781,15.470000267028809,15.609999656677246,15.529999732971191,958400.0,14.38576889038086
2010-02-23,15.460000038146973,15.029999732971191,15.460000038146973,15.220000267028809,2240000.0,14.098608016967773
2010-02-24,15.25,14.960000038146973,15.239999771118164,15.020000457763672,2710900.0,13.913344383239746
2010-02-25,14.90999984741211,14.600000381469727,14.850000381469727,14.829999923706055,4360100.0,13.737343788146973
2010-02-26,15.09000015258789,14.829999923706055,14.899999618530273,15.039999961853027,1611600.0,13.931870460510254
2010-03-01,15.260000228881836,15.0600004196167,15.149999618530273,15.260000228881836,1071100.0,14.135662078857422
2010-03-02,15.520000457763672,15.210000038146973,15.289999961853027,15.470000267028809,1365000.0,14.330188751220703
2010-03-03,15.65999984741211,15.420000076293945,15.449999809265137,15.430000305175781,1498400.0,14.293136596679688
2010-03-04,15.59000015258789,15.359999656677246,15.390000343322754,15.569999694824219,1096800.0,14.422821044921875
2010-03-05,15.850000381469727,15.579999923706055,15.649999618530273,15.8100004196167,1118700.0,14.645137786865234
2010-03-08,15.829999923706055,15.670000076293945,15.819999694824219,15.779999732971191,1596600.0,14.617347717285156
2010-03-09,15.920000076293945,15.670000076293945,15.710000038146973,15.8100004196167,1815500.0,14.645137786865234
2010-03-10,15.880000114440918,15.539999961853027,15.829999923706055,15.619999885559082,1849300.0,14.469139099121094
2010-03-11,15.829999923706055,15.539999961853027,15.550000190734863,15.829999923706055,1099400.0,14.663661003112793
2010-03-12,16.139999389648438,15.829999923706055,15.829999923706055,16.110000610351562,1627100.0,14.923036575317383
2010-03-15,16.229999542236328,15.960000038146973,16.059999465942383,16.1299991607666,1076600.0,14.941559791564941
2010-03-16,16.229999542236328,15.989999771118164,16.110000610351562,16.170000076293945,822600.0,14.978612899780273
2010-03-17,16.280000686645508,16.09000015258789,16.18000030517578,16.239999771118164,828400.0,15.04345703125
2010-03-18,16.299999237060547,16.030000686645508,16.030000686645508,16.190000534057617,1519200.0,14.997142791748047
2010-03-19,16.309999465942383,15.960000038146973,16.0,16.0,1731400.0,14.821137428283691
2010-03-22,16.149999618530273,15.850000381469727,15.90999984741211,16.110000610351562,1286400.0,14.923036575317383
2010-03-23,16.389999389648438,16.030000686645508,16.079999923706055,16.3700008392334,1070200.0,15.16387939453125
2010-03-24,16.3799991607666,16.1299991607666,16.280000686645508,16.219999313354492,1045000.0,15.024931907653809
2010-03-25,16.389999389648438,16.15999984741211,16.350000381469727,16.18000030517578,1196500.0,14.987876892089844
2010-03-26,16.229999542236328,16.0,16.200000762939453,16.010000228881836,1117000.0,14.830404281616211
2010-03-29,16.350000381469727,16.049999237060547,16.059999465942383,16.309999465942383,987200.0,15.108298301696777
2010-03-30,16.56999969482422,16.360000610351562,16.360000610351562,16.420000076293945,957300.0,15.21019458770752
2010-03-31,16.559999465942383,16.280000686645508,16.389999389648438,16.440000534057617,1369700.0,15.228719711303711
2010-04-01,16.600000381469727,16.329999923706055,16.510000228881836,16.5,1212600.0,15.284296035766602
2010-04-05,16.719999313354492,16.43000030517578,16.510000228881836,16.670000076293945,823200.0,15.441774368286133
2010-04-06,17.010000228881836,16.600000381469727,16.739999771118164,17.0,1490000.0,15.747459411621094
2010-04-07,17.1200008392334,16.829999923706055,16.899999618530273,16.84000015258789,1657700.0,15.599246978759766
2010-04-08,17.0,16.770000457763672,16.850000381469727,16.850000381469727,2216200.0,15.608511924743652
2010-04-09,16.540000915527344,15.949999809265137,15.979999542236328,16.43000030517578,4917600.0,15.219456672668457
2010-04-12,17.229999542236328,16.280000686645508,16.469999313354492,17.149999618530273,3923200.0,15.886406898498535
2010-04-13,17.149999618530273,16.889999389648438,17.09000015258789,17.06999969482422,2339200.0,15.812305450439453
2010-04-14,17.260000228881836,16.969999313354492,17.049999237060547,17.260000228881836,2021700.0,15.988300323486328
2010-04-15,17.440000534057617,17.149999618530273,17.239999771118164,17.280000686645508,1765300.0,16.00682830810547
2010-04-16,17.31999969482422,16.8700008392334,17.200000762939453,17.020000457763672,2093000.0,15.765989303588867
2010-04-19,17.729999542236328,16.969999313354492,17.020000457763672,17.59000015258789,3283500.0,16.293989181518555
2010-04-20,18.450000762939453,17.610000610351562,17.649999618530273,18.209999084472656,4104700.0,16.868309020996094
2010-04-21,18.360000610351562,18.1200008392334,18.149999618530273,18.270000457763672,2681900.0,16.923891067504883
2010-04-22,18.309999465942383,17.81999969482422,17.989999771118164,18.309999465942383,2534500.0,16.960941314697266
2010-04-23,18.489999771118164,18.200000762939453,18.229999542236328,18.34000015258789,2101300.0,16.98872947692871
2010-04-26,18.469999313354492,18.229999542236328,18.229999542236328,18.40999984741211,2152200.0,17.053573608398438
2010-04-27,18.479999542236328,18.1299991607666,18.309999465942383,18.139999389648438,2286400.0,16.803470611572266
2010-04-28,18.299999237060547,18.010000228881836,18.229999542236328,18.190000534057617,1956600.0,16.849782943725586
2010-04-29,18.8700008392334,18.290000915527344,18.290000915527344,18.549999237060547,2295700.0,17.183256149291992
2010-04-30,18.65999984741211,18.270000457763672,18.5,18.270000457763672,2045300.0,16.923891067504883
2010-05-03,18.829999923706055,18.34000015258789,18.360000610351562,18.600000381469727,2147300.0,17.229572296142578
2010-05-04,18.540000915527344,18.270000457763672,18.440000534057617,18.309999465942383,2246300.0,16.960941314697266
2010-05-05,18.479999542236328,18.040000915527344,18.149999618530273,18.110000610351562,2293500.0,16.775678634643555
2010-05-06,18.34000015258789,16.709999084472656,18.09000015258789,17.690000534057617,3906100.0,16.386621475219727
2010-05-07,17.719999313354492,16.639999389648438,17.65999984741211,16.709999084472656,6050600.0,15.478827476501465
2010-05-10,17.690000534057617,17.149999618530273,17.59000015258789,17.40999984741211,4788100.0,16.12725257873535
2010-05-11,17.6299991607666,17.25,17.309999465942383,17.489999771118164,3575500.0,16.20135498046875
2010-05-12,18.31999969482422,17.90999984741211,18.15999984741211,18.110000610351562,2442600.0,16.775678634643555
2010-05-13,18.399999618530273,18.030000686645508,18.1200008392334,18.040000915527344,1786900.0,16.710834503173828
2010-05-14,18.149999618530273,17.760000228881836,17.969999313354492,17.799999237060547,3179700.0,16.488513946533203
2010-05-17,18.1200008392334,17.6200008392334,17.799999237060547,17.8700008392334,2564500.0,16.553361892700195
2010-05-18,18.239999771118164,17.739999771118164,18.010000228881836,17.75,1850800.0,16.44219970703125
2010-05-19,17.729999542236328,17.239999771118164,17.68000030517578,17.360000610351562,3080000.0,16.0809383392334
2010-05-20,17.1299991607666,16.389999389648438,17.1299991607666,16.43000030517578,3884800.0,15.219456672668457
2010-05-21,16.3799991607666,15.84000015258789,16.059999465942383,16.299999237060547,5574500.0,15.099034309387207
2010-05-24,16.510000228881836,16.170000076293945,16.239999771118164,16.329999923706055,3091700.0,15.126823425292969
2010-05-25,15.989999771118164,15.5,15.920000076293945,15.800000190734863,4569400.0,14.635873794555664
2010-05-26,16.329999923706055,15.920000076293945,15.920000076293945,16.079999923706055,3058300.0,14.895242691040039
2010-05-27,16.709999084472656,16.31999969482422,16.329999923706055,16.700000762939453,1801000.0,15.469562530517578
2010-05-28,16.780000686645508,16.530000686645508,16.649999618530273,16.65999984741211,1617700.0,15.432511329650879
2010-06-01,16.530000686645508,16.1200008392334,16.479999542236328,16.1200008392334,2317800.0,14.932297706604004
2010-06-02,16.43000030517578,16.110000610351562,16.149999618530273,16.420000076293945,2308500.0,15.21019458770752
2010-06-03,16.59000015258789,16.309999465942383,16.450000762939453,16.450000762939453,1834000.0,15.23798656463623
2010-06-04,16.270000457763672,15.789999961853027,16.09000015258789,15.859999656677246,3053500.0,14.69145679473877
2010-06-07,16.290000915527344,15.75,15.84000015258789,15.75,3832900.0,14.589558601379395
2010-06-08,16.049999237060547,15.649999618530273,15.699999809265137,16.0,3180700.0,14.821137428283691
2010-06-09,16.399999618530273,15.989999771118164,16.100000381469727,16.040000915527344,1903500.0,14.858193397521973
2010-06-10,16.43000030517578,16.18000030517578,16.229999542236328,16.420000076293945,2071100.0,15.21019458770752
2010-06-11,16.8799991607666,16.34000015258789,16.610000610351562,16.860000610351562,2009500.0,15.617776870727539
2010-06-14,17.1200008392334,16.899999618530273,16.899999618530273,16.940000534057617,1553700.0,15.691883087158203
2010-06-15,17.030000686645508,16.760000228881836,17.020000457763672,16.790000915527344,2510200.0,15.552932739257812
2010-06-16,16.739999771118164,16.559999465942383,16.639999389648438,16.639999389648438,2048700.0,15.413983345031738
2010-06-17,16.639999389648438,16.25,16.639999389648438,16.3700008392334,2525900.0,15.16387939453125
2010-06-18,16.450000762939453,16.260000228881836,16.350000381469727,16.299999237060547,2942300.0,15.099034309387207
2010-06-21,16.6299991607666,16.25,16.459999084472656,16.31999969482422,1557900.0,15.117562294006348
2010-06-22,16.540000915527344,16.200000762939453,16.420000076293945,16.229999542236328,1851600.0,15.034193992614746
2010-06-23,16.290000915527344,15.890000343322754,16.209999084472656,16.219999313354492,2492900.0,15.024931907653809
2010-06-24,16.229999542236328,15.989999771118164,16.15999984741211,16.059999465942383,1895200.0,14.876716613769531
2010-06-25,16.239999771118164,15.979999542236328,16.1200008392334,16.010000228881836,3773500.0,14.830404281616211
2010-06-28,16.149999618530273,15.90999984741211,15.970000267028809,15.949999809265137,2011200.0,14.774822235107422
2010-06-29,15.770000457763672,15.319999694824219,15.770000457763672,15.430000305175781,3072800.0,14.293136596679688
2010-06-30,15.850000381469727,15.270000457763672,15.329999923706055,15.619999885559082,4561700.0,14.469139099121094
2010-07-01,15.960000038146973,14.970000267028809,15.649999618530273,15.550000190734863,5307200.0,14.404292106628418
2010-07-02,15.710000038146973,15.260000228881836,15.569999694824219,15.390000343322754,2555400.0,14.256081581115723
2010-07-06,15.770000457763672,15.380000114440918,15.550000190734863,15.600000381469727,3170900.0,14.450611114501953
2010-07-07,16.059999465942383,15.5600004196167,15.5600004196167,16.040000915527344,2155800.0,14.858193397521973
2010-07-08,16.229999542236328,15.819999694824219,16.1299991607666,16.049999237060547,1970000.0,14.86745548248291
2010-07-09,16.06999969482422,15.880000114440918,16.06999969482422,16.06999969482422,1495300.0,14.885981559753418
2010-07-12,16.149999618530273,15.970000267028809,16.010000228881836,16.06999969482422,887500.0,14.885981559753418
2010-07-13,16.399999618530273,16.149999618530273,16.200000762939453,16.360000610351562,1450100.0,15.15461540222168
2010-07-14,16.440000534057617,16.209999084472656,16.299999237060547,16.3700008392334,963900.0,15.16387939453125
2010-07-15,16.520000457763672,16.149999618530273,16.34000015258789,16.469999313354492,1518000.0,15.256505966186523
2010-07-16,16.450000762939453,16.200000762939453,16.389999389648438,16.34000015258789,2399500.0,15.136089324951172
2010-07-19,16.520000457763672,16.299999237060547,16.399999618530273,16.520000457763672,2163300.0,15.302821159362793
2010-07-20,16.739999771118164,16.290000915527344,16.31999969482422,16.729999542236328,1495900.0,15.497354507446289
2010-07-21,16.81999969482422,16.3700008392334,16.81999969482422,16.530000686645508,1428800.0,15.312088012695312
2010-07-22,16.90999984741211,16.6299991607666,16.719999313354492,16.8700008392334,1208700.0,15.627042770385742
2010-07-23,17.059999465942383,16.799999237060547,16.860000610351562,17.059999465942383,1082100.0,15.803040504455566
2010-07-26,17.219999313354492,16.950000762939453,17.049999237060547,17.209999084472656,1617600.0,15.94198989868164
2010-07-27,17.31999969482422,16.969999313354492,16.969999313354492,17.309999465942383,1456200.0,16.034616470336914
2010-07-28,17.299999237060547,17.0,17.299999237060547,17.079999923706055,899100.0,15.82156753540039
2010-07-29,17.170000076293945,16.799999237060547,17.15999984741211,17.06999969482422,1093100.0,15.812305450439453
2010-07-30,17.139999389648438,16.75,16.8799991607666,17.059999465942383,1222300.0,15.803040504455566
2010-08-02,17.43000030517578,17.239999771118164,17.25,17.420000076293945,1078800.0,16.136510848999023
2010-08-03,17.40999984741211,17.18000030517578,17.31999969482422,17.31999969482422,775300.0,16.04388427734375
2010-08-04,17.559999465942383,17.299999237060547,17.329999923706055,17.549999237060547,1038100.0,16.256933212280273
2010-08-05,17.479999542236328,17.209999084472656,17.479999542236328,17.309999465942383,896100.0,16.034616470336914
2010-08-06,17.260000228881836,16.889999389648438,17.15999984741211,17.25,1054100.0,15.97903823852539
2010-08-09,17.3799991607666,17.219999313354492,17.270000457763672,17.3700008392334,846800.0,16.0902042388916
2010-08-10,17.420000076293945,17.079999923706055,17.209999084472656,17.360000610351562,748900.0,16.0809383392334
2010-08-11,17.110000610351562,16.850000381469727,17.09000015258789,16.899999618530273,914100.0,15.654829025268555
2010-08-12,16.940000534057617,16.610000610351562,16.709999084472656,16.90999984741211,1037400.0,15.664095878601074
2010-08-13,16.959999084472656,16.700000762939453,16.799999237060547,16.700000762939453,828900.0,15.469562530517578
2010-08-16,16.6200008392334,16.399999618530273,16.6200008392334,16.489999771118164,1141600.0,15.27503490447998
2010-08-17,16.969999313354492,16.549999237060547,16.56999969482422,16.8700008392334,813500.0,15.627042770385742
2010-08-18,16.920000076293945,16.639999389648438,16.8799991607666,16.850000381469727,772000.0,15.608511924743652
2010-08-19,16.780000686645508,16.489999771118164,16.739999771118164,16.68000030517578,1025900.0,15.451040267944336
2010-08-20,16.719999313354492,16.479999542236328,16.540000915527344,16.65999984741211,995500.0,15.432511329650879
2010-08-23,16.81999969482422,16.610000610351562,16.739999771118164,16.68000030517578,1003700.0,15.451040267944336
2010-08-24,16.719999313354492,16.40999984741211,16.510000228881836,16.610000610351562,1343400.0,15.38619327545166
2010-08-25,16.81999969482422,16.3700008392334,16.549999237060547,16.75,1685600.0,15.515880584716797
2010-08-26,16.940000534057617,16.56999969482422,16.829999923706055,16.68000030517578,1671800.0,15.451040267944336
2010-08-27,16.8700008392334,16.540000915527344,16.739999771118164,16.84000015258789,1031600.0,15.599246978759766
2010-08-30,17.260000228881836,16.549999237060547,16.84000015258789,16.549999237060547,841800.0,15.330612182617188
2010-08-31,16.68000030517578,16.209999084472656,16.5,16.65999984741211,2074300.0,15.432511329650879
2010-09-01,17.079999923706055,16.639999389648438,16.850000381469727,16.959999084472656,1270700.0,15.710405349731445
2010-09-02,17.25,16.729999542236328,16.969999313354492,17.25,2028300.0,15.97903823852539
2010-09-03,17.489999771118164,17.18000030517578,17.3799991607666,17.40999984741211,1316400.0,16.12725257873535
2010-09-07,17.329999923706055,16.969999313354492,17.329999923706055,17.15999984741211,1577500.0,15.895675659179688
2010-09-08,17.229999542236328,16.969999313354492,17.219999313354492,16.969999313354492,1385500.0,15.719670295715332
2010-09-09,17.15999984741211,16.829999923706055,17.15999984741211,17.049999237060547,1381800.0,15.793779373168945
2010-09-10,17.1299991607666,16.90999984741211,17.079999923706055,17.079999923706055,847300.0,15.82156753540039
2010-09-13,17.360000610351562,17.170000076293945,17.209999084472656,17.229999542236328,955800.0,15.960516929626465
2010-09-14,17.530000686645508,17.15999984741211,17.200000762939453,17.489999771118164,1126600.0,16.20135498046875
2010-09-15,17.719999313354492,17.360000610351562,17.43000030517578,17.700000762939453,1454800.0,16.39588737487793
2010-09-16,17.809999465942383,17.450000762939453,17.649999618530273,17.729999542236328,1333900.0,16.423677444458008
2010-09-17,18.0,17.739999771118164,17.770000457763672,17.959999084472656,4335000.0,16.636730194091797
2010-09-20,18.239999771118164,17.860000610351562,17.959999084472656,18.239999771118164,1530900.0,16.896100997924805
2010-09-21,18.290000915527344,18.100000381469727,18.190000534057617,18.149999618530273,1634700.0,16.81273078918457
2010-09-22,18.190000534057617,17.989999771118164,18.110000610351562,18.110000610351562,1139000.0,16.775678634643555
2010-09-23,18.079999923706055,17.760000228881836,17.920000076293945,17.829999923706055,1224400.0,16.51630210876465
2010-09-24,18.280000686645508,18.020000457763672,18.020000457763672,18.110000610351562,1747500.0,16.775678634643555
2010-09-27,18.170000076293945,17.959999084472656,18.1200008392334,17.969999313354492,1107500.0,16.64598846435547
2010-09-28,18.010000228881836,17.709999084472656,18.0,17.84000015258789,1673400.0,16.525564193725586
2010-09-29,17.899999618530273,17.709999084472656,17.809999465942383,17.770000457763672,1172300.0,16.46072769165039
2010-09-30,17.950000762939453,17.59000015258789,17.81999969482422,17.690000534057617,1142600.0,16.386621475219727
2010-10-01,17.860000610351562,17.670000076293945,17.780000686645508,17.770000457763672,1566200.0,16.46072769165039
2010-10-04,17.850000381469727,17.600000381469727,17.709999084472656,17.65999984741211,1540500.0,16.358835220336914
2010-10-05,17.850000381469727,17.6200008392334,17.739999771118164,17.760000228881836,1853400.0,16.451461791992188
2010-10-06,18.709999084472656,17.350000381469727,17.350000381469727,18.520000457763672,4606800.0,17.15546989440918
2010-10-07,18.899999618530273,18.579999923706055,18.6299991607666,18.65999984741211,2026700.0,17.285154342651367
2010-10-08,18.739999771118164,18.56999969482422,18.670000076293945,18.709999084472656,1423300.0,17.33146858215332
2010-10-11,19.170000076293945,18.639999389648438,18.690000534057617,19.110000610351562,1673100.0,17.701997756958008
2010-10-12,19.030000686645508,18.3799991607666,18.899999618530273,19.010000228881836,1768600.0,17.60936737060547
2010-10-13,19.239999771118164,19.010000228881836,19.06999969482422,19.079999923706055,1713300.0,17.67420768737793
2010-10-14,19.15999984741211,18.920000076293945,19.049999237060547,19.020000457763672,1210400.0,17.618627548217773
2010-10-15,19.170000076293945,18.920000076293945,19.049999237060547,19.020000457763672,964100.0,17.618627548217773
2010-10-18,19.40999984741211,18.75,18.989999771118164,19.40999984741211,1987000.0,17.97989273071289
2010-10-19,19.270000457763672,19.010000228881836,19.170000076293945,19.06999969482422,2142900.0,17.664947509765625
2010-10-20,19.440000534057617,19.010000228881836,19.1299991607666,19.309999465942383,1220400.0,17.887264251708984
2010-10-21,19.540000915527344,19.260000228881836,19.3700008392334,19.329999923706055,1699800.0,17.90578842163086
2010-10-22,19.3700008392334,19.18000030517578,19.329999923706055,19.290000915527344,1002500.0,17.868736267089844
2010-10-25,19.709999084472656,19.389999389648438,19.43000030517578,19.5,2037000.0,18.063264846801758
2010-10-26,19.530000686645508,19.239999771118164,19.3799991607666,19.350000381469727,1729400.0,17.924314498901367
2010-10-27,19.209999084472656,18.850000381469727,19.200000762939453,18.959999084472656,1570900.0,17.563051223754883
2010-10-28,19.329999923706055,18.8700008392334,19.09000015258789,19.040000915527344,1411000.0,17.637155532836914
2010-10-29,19.84000015258789,19.06999969482422,19.06999969482422,19.729999542236328,4080600.0,18.276315689086914
2010-11-01,19.81999969482422,19.5,19.68000030517578,19.649999618530273,2218500.0,18.20220947265625
2010-11-02,19.84000015258789,19.510000228881836,19.829999923706055,19.520000457763672,1884900.0,18.08179473876953
2010-11-03,19.65999984741211,19.3700008392334,19.56999969482422,19.530000686645508,1333400.0,18.091054916381836
2010-11-04,19.969999313354492,19.530000686645508,19.670000076293945,19.950000762939453,2135500.0,18.4801082611084
2010-11-05,20.079999923706055,19.799999237060547,19.829999923706055,20.06999969482422,1908100.0,18.59126091003418
2010-11-08,20.100000381469727,19.829999923706055,19.889999389648438,20.040000915527344,1424700.0,18.5634765625
2010-11-09,20.09000015258789,19.860000610351562,20.010000228881836,19.899999618530273,1520300.0,18.433788299560547
2010-11-10,19.899999618530273,19.670000076293945,19.8799991607666,19.889999389648438,1494100.0,18.424522399902344
2010-11-11,20.170000076293945,19.75,19.780000686645508,20.15999984741211,1328100.0,18.67462921142578
2010-11-12,20.010000228881836,19.56999969482422,20.0,19.850000381469727,2231300.0,18.387475967407227
2010-11-15,20.420000076293945,19.8700008392334,19.8700008392334,20.309999465942383,2008900.0,18.813583374023438
2010-11-16,20.350000381469727,19.639999389648438,20.239999771118164,19.649999618530273,2290200.0,18.20220947265625
2010-11-17,20.06999969482422,19.670000076293945,19.670000076293945,19.8799991607666,1999900.0,18.415264129638672
2010-11-18,20.920000076293945,20.170000076293945,20.18000030517578,20.780000686645508,2159600.0,19.248952865600586
2010-11-19,20.969999313354492,20.690000534057617,20.760000228881836,20.739999771118164,1413000.0,19.21190071105957
2010-11-22,20.809999465942383,20.579999923706055,20.690000534057617,20.760000228881836,1429700.0,19.23042869567871
2010-11-23,20.639999389648438,20.43000030517578,20.600000381469727,20.549999237060547,1144800.0,19.03590202331543
2010-11-24,21.010000228881836,20.6299991607666,20.6299991607666,21.010000228881836,950100.0,19.462013244628906
2010-11-26,20.84000015258789,20.639999389648438,20.81999969482422,20.729999542236328,440400.0,19.20262908935547
2010-11-29,20.809999465942383,20.43000030517578,20.549999237060547,20.729999542236328,1767400.0,19.20262908935547
2010-11-30,20.739999771118164,20.3799991607666,20.5,20.610000610351562,1626700.0,19.09147834777832
2010-12-01,21.110000610351562,20.84000015258789,20.8700008392334,21.079999923706055,1007600.0,19.526857376098633
2010-12-02,21.420000076293945,20.979999542236328,21.010000228881836,21.309999465942383,1631200.0,19.739906311035156
2010-12-03,21.90999984741211,21.260000228881836,21.260000228881836,21.799999237060547,2151200.0,20.193801879882812
2010-12-06,21.829999923706055,21.559999465942383,21.700000762939453,21.649999618530273,1572300.0,20.054853439331055
2010-12-07,21.860000610351562,21.40999984741211,21.790000915527344,21.5,1656000.0,19.915903091430664
2010-12-08,21.690000534057617,21.3700008392334,21.489999771118164,21.469999313354492,1594200.0,19.88811683654785
2010-12-09,21.639999389648438,21.459999084472656,21.600000381469727,21.559999465942383,993100.0,19.97148323059082
2010-12-10,21.639999389648438,21.420000076293945,21.579999923706055,21.459999084472656,1555500.0,19.878856658935547
2010-12-13,21.709999084472656,21.329999923706055,21.639999389648438,21.350000381469727,1235200.0,19.77695655822754
2010-12-14,21.649999618530273,21.270000457763672,21.34000015258789,21.530000686645508,2358900.0,19.943696975708008
2010-12-15,22.020000457763672,21.43000030517578,21.43000030517578,21.940000534057617,1580800.0,20.323484420776367
2010-12-16,22.420000076293945,21.829999923706055,21.93000030517578,22.34000015258789,1611400.0,20.694013595581055
2010-12-17,22.389999389648438,22.139999389648438,22.350000381469727,22.149999618530273,1426600.0,20.518014907836914
2010-12-20,22.260000228881836,21.809999465942383,22.149999618530273,21.920000076293945,2120500.0,20.304962158203125
2010-12-21,22.149999618530273,21.889999389648438,22.030000686645508,21.979999542236328,1525100.0,20.36054229736328
2010-12-22,22.15999984741211,21.969999313354492,22.030000686645508,21.979999542236328,1450000.0,20.36054229736328
2010-12-23,22.43000030517578,21.90999984741211,21.90999984741211,22.309999465942383,1172200.0,20.666223526000977
2010-12-27,22.520000457763672,22.1200008392334,22.229999542236328,22.399999618530273,890300.0,20.74959373474121
2010-12-28,22.489999771118164,22.1200008392334,22.399999618530273,22.190000534057617,709700.0,20.55506706237793
2010-12-29,22.43000030517578,22.149999618530273,22.200000762939453,22.18000030517578,967100.0,20.545804977416992
2010-12-30,22.260000228881836,21.920000076293945,22.200000762939453,21.940000534057617,856000.0,20.323484420776367
2010-12-31,22.31999969482422,21.920000076293945,21.940000534057617,22.149999618530273,825900.0,20.518014907836914
2011-01-03,22.18000030517578,21.479999542236328,22.18000030517578,21.610000610351562,2390100.0,20.017799377441406
2011-01-04,21.670000076293945,21.170000076293945,21.670000076293945,21.469999313354492,2154300.0,19.88811683654785
2011-01-05,21.600000381469727,21.280000686645508,21.40999984741211,21.579999923706055,2264100.0,19.99001121520996
2011-01-06,21.399999618530273,19.780000686645508,20.950000762939453,19.84000015258789,8192400.0,18.378211975097656
2011-01-07,20.139999389648438,19.309999465942383,19.520000457763672,19.489999771118164,4205300.0,18.054000854492188
2011-01-10,19.8799991607666,19.479999542236328,19.59000015258789,19.520000457763672,2403100.0,18.08179473876953
2011-01-11,19.670000076293945,19.200000762939453,19.6299991607666,19.229999542236328,2569600.0,17.813159942626953
2011-01-12,19.3700008392334,19.1200008392334,19.350000381469727,19.31999969482422,2945700.0,17.896526336669922
2011-01-13,19.40999984741211,19.239999771118164,19.299999237060547,19.350000381469727,1760900.0,17.924314498901367
2011-01-14,19.549999237060547,19.260000228881836,19.280000686645508,19.31999969482422,1481900.0,17.896526336669922
2011-01-18,19.469999313354492,19.34000015258789,19.399999618530273,19.3700008392334,1488300.0,17.94283676147461
2011-01-19,19.469999313354492,19.1200008392334,19.40999984741211,19.219999313354492,2086900.0,17.803892135620117
2011-01-20,19.299999237060547,19.110000610351562,19.219999313354492,19.139999389648438,1591500.0,17.729787826538086
2011-01-21,19.389999389648438,18.940000534057617,19.31999969482422,19.0,1402200.0,17.6001033782959
2011-01-24,19.149999618530273,18.969999313354492,19.020000457763672,19.139999389648438,1831900.0,17.729787826538086
2011-01-25,19.149999618530273,18.850000381469727,19.1299991607666,18.920000076293945,1646300.0,17.525997161865234
2011-01-26,19.280000686645508,18.84000015258789,19.010000228881836,19.25,1846700.0,17.831684112548828
2011-01-27,19.56999969482422,19.1299991607666,19.209999084472656,19.479999542236328,2355900.0,18.044736862182617
2011-01-28,19.450000762939453,19.010000228881836,19.450000762939453,19.139999389648438,2241900.0,17.729787826538086
2011-01-31,19.309999465942383,19.1200008392334,19.270000457763672,19.219999313354492,1670400.0,17.803892135620117
2011-02-01,19.489999771118164,19.229999542236328,19.299999237060547,19.43000030517578,1547000.0,17.99842071533203
2011-02-02,19.610000610351562,19.290000915527344,19.31999969482422,19.34000015258789,1216400.0,17.91505241394043
2011-02-03,19.709999084472656,19.290000915527344,19.350000381469727,19.690000534057617,1069100.0,18.239269256591797
2011-02-04,19.809999465942383,19.440000534057617,19.559999465942383,19.760000228881836,1459100.0,18.304109573364258
2011-02-07,20.149999618530273,19.760000228881836,19.770000457763672,19.969999313354492,1281600.0,18.498632431030273
2011-02-08,20.049999237060547,19.75,19.989999771118164,19.969999313354492,1162900.0,18.498632431030273
2011-02-09,19.959999084472656,19.709999084472656,19.899999618530273,19.959999084472656,1184200.0,18.489370346069336
2011-02-10,20.079999923706055,19.610000610351562,19.81999969482422,20.049999237060547,1851400.0,18.572738647460938
2011-02-11,20.15999984741211,19.84000015258789,19.8700008392334,20.1200008392334,1414300.0,18.637582778930664
2011-02-14,20.389999389648438,20.030000686645508,20.149999618530273,20.3799991607666,1666500.0,18.8784236907959
2011-02-15,20.5,20.200000762939453,20.34000015258789,20.3799991607666,1189400.0,18.8784236907959
2011-02-16,20.690000534057617,20.440000534057617,20.489999771118164,20.6200008392334,1134300.0,19.100746154785156
2011-02-17,21.06999969482422,20.600000381469727,20.610000610351562,21.059999465942383,1736900.0,19.508323669433594
2011-02-18,21.100000381469727,20.8700008392334,21.020000457763672,20.950000762939453,1518000.0,19.40642738342285
2011-02-22,20.899999618530273,20.110000610351562,20.829999923706055,20.139999389648438,2844000.0,18.65610694885254
2011-02-23,20.65999984741211,20.06999969482422,20.1299991607666,20.399999618530273,1709500.0,18.89695167541504
2011-02-24,20.469999313354492,19.940000534057617,20.350000381469727,20.110000610351562,1462900.0,18.628320693969727
2011-02-25,20.360000610351562,20.09000015258789,20.229999542236328,20.34000015258789,884200.0,18.841365814208984
2011-02-28,20.440000534057617,20.020000457763672,20.440000534057617,20.31999969482422,1338400.0,18.822843551635742
2011-03-01,20.43000030517578,19.809999465942383,20.40999984741211,19.84000015258789,1405000.0,18.378211975097656
2011-03-02,19.940000534057617,19.530000686645508,19.84000015258789,19.6299991607666,1580200.0,18.183683395385742
2011-03-03,20.1200008392334,19.770000457763672,19.809999465942383,19.989999771118164,2233400.0,18.51715850830078
2011-03-04,20.030000686645508,19.489999771118164,19.959999084472656,19.8700008392334,1090800.0,18.40599822998047
2011-03-07,20.040000915527344,19.549999237060547,19.889999389648438,19.68000030517578,1281100.0,18.230005264282227
2011-03-08,20.06999969482422,19.690000534057617,19.739999771118164,19.979999542236328,1290400.0,18.507896423339844
2011-03-09,20.1299991607666,19.780000686645508,19.969999313354492,20.06999969482422,1774100.0,18.59126091003418
2011-03-10,19.940000534057617,19.43000030517578,19.920000076293945,19.450000762939453,1522200.0,18.016950607299805
2011-03-11,19.510000228881836,19.260000228881836,19.309999465942383,19.360000610351562,2359300.0,17.933576583862305
2011-03-14,19.280000686645508,18.809999465942383,19.209999084472656,19.030000686645508,2012200.0,17.627893447875977
2011-03-15,18.760000228881836,18.139999389648438,18.68000030517578,18.600000381469727,3117800.0,17.229572296142578
2011-03-16,18.639999389648438,18.139999389648438,18.549999237060547,18.139999389648438,2303500.0,16.803470611572266
2011-03-17,18.540000915527344,18.219999313354492,18.469999313354492,18.270000457763672,1728700.0,16.923891067504883
2011-03-18,18.530000686645508,18.1200008392334,18.510000228881836,18.3700008392334,2799100.0,17.01651954650879
2011-03-21,18.670000076293945,18.450000762939453,18.59000015258789,18.520000457763672,2737700.0,17.15546989440918
2011-03-22,18.780000686645508,18.469999313354492,18.56999969482422,18.610000610351562,3738100.0,17.238842010498047
2011-03-23,18.989999771118164,18.549999237060547,18.610000610351562,18.93000030517578,2378100.0,17.535261154174805
2011-03-24,19.1200008392334,18.940000534057617,18.969999313354492,19.06999969482422,1560700.0,17.664947509765625
2011-03-25,19.530000686645508,19.030000686645508,19.06999969482422,19.420000076293945,1795300.0,17.989160537719727
2011-03-28,19.440000534057617,19.229999542236328,19.40999984741211,19.239999771118164,1398100.0,17.822420120239258
2011-03-29,19.34000015258789,19.09000015258789,19.25,19.299999237060547,1532400.0,17.878000259399414
2011-03-30,19.799999237060547,19.34000015258789,19.389999389648438,19.790000915527344,1407600.0,18.331897735595703
2011-03-31,20.34000015258789,19.610000610351562,19.649999618530273,20.280000686645508,2385000.0,18.785791397094727
2011-04-01,20.639999389648438,20.299999237060547,20.399999618530273,20.5,2917600.0,18.989578247070312
2011-04-04,20.639999389648438,20.479999542236328,20.5,20.6200008392334,1649100.0,19.100746154785156
2011-04-05,20.790000915527344,20.469999313354492,20.540000915527344,20.600000381469727,1917800.0,19.082216262817383
2011-04-06,20.700000762939453,20.200000762939453,20.6200008392334,20.3799991607666,2997800.0,18.8784236907959
2011-04-07,21.84000015258789,20.690000534057617,20.950000762939453,21.790000915527344,6948800.0,20.184541702270508
2011-04-08,21.989999771118164,21.5,21.8799991607666,21.530000686645508,3372600.0,19.943696975708008
2011-04-11,22.0,21.469999313354492,21.559999465942383,21.520000457763672,2418100.0,19.934431076049805
2011-04-12,21.809999465942383,21.389999389648438,21.459999084472656,21.600000381469727,1878700.0,20.00853729248047
2011-04-13,21.899999618530273,21.559999465942383,21.649999618530273,21.6200008392334,2443400.0,20.027061462402344
2011-04-14,21.989999771118164,21.389999389648438,21.389999389648438,21.84000015258789,1942800.0,20.230852127075195
2011-04-15,22.059999465942383,21.579999923706055,21.8799991607666,22.030000686645508,2464900.0,20.4068546295166
2011-04-18,22.149999618530273,21.65999984741211,21.760000228881836,22.06999969482422,2049500.0,20.44390869140625
2011-04-19,22.649999618530273,22.059999465942383,22.059999465942383,22.600000381469727,3312100.0,20.934856414794922
2011-04-20,22.889999389648438,22.329999923706055,22.8799991607666,22.399999618530273,2261500.0,20.74959373474121
2011-04-21,22.510000228881836,22.15999984741211,22.420000076293945,22.229999542236328,1575400.0,20.592121124267578
2011-04-25,22.3700008392334,22.040000915527344,22.110000610351562,22.170000076293945,1712400.0,20.536544799804688
2011-04-26,22.75,22.059999465942383,22.200000762939453,22.559999465942383,2100000.0,20.897808074951172
2011-04-27,22.850000381469727,22.610000610351562,22.610000610351562,22.790000915527344,1357400.0,21.110862731933594
2011-04-28,22.81999969482422,22.40999984741211,22.719999313354492,22.43000030517578,2150100.0,20.77738380432129
2011-04-29,22.489999771118164,22.239999771118164,22.489999771118164,22.389999389648438,2333300.0,20.74032974243164
2011-05-02,22.639999389648438,22.399999618530273,22.489999771118164,22.610000610351562,1680100.0,20.944122314453125
2011-05-03,22.889999389648438,22.479999542236328,22.5,22.84000015258789,2153500.0,21.157176971435547
2011-05-04,22.899999618530273,22.440000534057617,22.81999969482422,22.610000610351562,1620700.0,20.944122314453125
2011-05-05,22.610000610351562,22.280000686645508,22.489999771118164,22.309999465942383,1444300.0,20.666223526000977
2011-05-06,22.690000534057617,22.209999084472656,22.600000381469727,22.34000015258789,1663200.0,20.694013595581055
2011-05-09,22.43000030517578,22.25,22.299999237060547,22.329999923706055,1184700.0,20.684755325317383
2011-05-10,22.84000015258789,22.3700008392334,22.389999389648438,22.770000457763672,999300.0,21.092336654663086
2011-05-11,22.809999465942383,22.290000915527344,22.68000030517578,22.399999618530273,1247500.0,20.74959373474121
2011-05-12,23.0,22.239999771118164,22.3799991607666,22.969999313354492,2039500.0,21.277591705322266
2011-05-13,23.190000534057617,22.610000610351562,22.940000534057617,22.709999084472656,1583300.0,21.03675079345703
2011-05-16,22.809999465942383,22.530000686645508,22.600000381469727,22.530000686645508,1333100.0,20.870014190673828
2011-05-17,22.829999923706055,22.3700008392334,22.469999313354492,22.780000686645508,1681000.0,21.101598739624023
2011-05-18,22.920000076293945,22.559999465942383,22.68000030517578,22.709999084472656,1392600.0,21.03675079345703
2011-05-19,22.75,22.190000534057617,22.739999771118164,22.350000381469727,2540600.0,20.703277587890625
2011-05-20,22.280000686645508,21.719999313354492,22.280000686645508,21.850000381469727,1887600.0,20.24011993408203
2011-05-23,21.809999465942383,21.440000534057617,21.559999465942383,21.799999237060547,1252200.0,20.193801879882812
2011-05-24,21.8700008392334,21.6299991607666,21.799999237060547,21.719999313354492,1427600.0,20.119691848754883
2011-05-25,21.90999984741211,21.549999237060547,21.709999084472656,21.850000381469727,1933300.0,20.24011993408203
2011-05-26,21.760000228881836,21.3799991607666,21.709999084472656,21.5,1744700.0,19.915903091430664
2011-05-27,21.799999237060547,21.559999465942383,21.56999969482422,21.68000030517578,1347300.0,20.082643508911133
2011-05-31,21.959999084472656,21.459999084472656,21.780000686645508,21.959999084472656,2474700.0,20.342012405395508
2011-06-01,21.940000534057617,21.579999923706055,21.770000457763672,21.68000030517578,2212600.0,20.082643508911133
2011-06-02,21.639999389648438,21.18000030517578,21.59000015258789,21.239999771118164,1297800.0,19.675064086914062
2011-06-03,21.049999237060547,20.809999465942383,20.969999313354492,20.8799991607666,1789100.0,19.341588973999023
2011-06-06,21.3700008392334,20.8700008392334,21.239999771118164,20.8700008392334,1418800.0,19.33232307434082
2011-06-07,21.510000228881836,21.100000381469727,21.479999542236328,21.219999313354492,2081300.0,19.65653419494629
2011-06-08,21.260000228881836,21.020000457763672,21.149999618530273,21.170000076293945,1811800.0,19.6102237701416
2011-06-09,21.43000030517578,21.040000915527344,21.280000686645508,21.270000457763672,1626800.0,19.702852249145508
2011-06-10,21.280000686645508,20.969999313354492,21.170000076293945,21.0,1496000.0,19.45274543762207
2011-06-13,21.280000686645508,20.889999389648438,21.079999923706055,21.170000076293945,1433000.0,19.6102237701416
2011-06-14,21.65999984741211,21.270000457763672,21.360000610351562,21.579999923706055,2084500.0,19.99001121520996
2011-06-15,21.43000030517578,21.0,21.43000030517578,21.059999465942383,2327800.0,19.508323669433594
2011-06-16,21.149999618530273,20.81999969482422,21.100000381469727,21.110000610351562,2059100.0,19.554641723632812
2011-06-17,21.420000076293945,21.079999923706055,21.239999771118164,21.1299991607666,2368600.0,19.573169708251953
2011-06-20,21.260000228881836,21.010000228881836,21.040000915527344,21.200000762939453,1607900.0,19.638011932373047
2011-06-21,21.65999984741211,21.329999923706055,21.329999923706055,21.6200008392334,2247900.0,20.027061462402344
2011-06-22,21.690000534057617,21.5,21.520000457763672,21.530000686645508,1988500.0,19.943696975708008
2011-06-23,21.31999969482422,20.850000381469727,21.25,21.059999465942383,2225000.0,19.508323669433594
2011-06-24,21.18000030517578,20.790000915527344,21.06999969482422,20.81999969482422,1211700.0,19.286006927490234
2011-06-27,20.889999389648438,20.739999771118164,20.799999237060547,20.780000686645508,2050400.0,19.248952865600586
2011-06-28,20.90999984741211,20.719999313354492,20.860000610351562,20.799999237060547,2513400.0,19.267478942871094
2011-06-29,21.049999237060547,20.719999313354492,20.889999389648438,20.969999313354492,3234700.0,19.424957275390625
2011-06-30,21.190000534057617,20.559999465942383,21.149999618530273,20.81999969482422,2946900.0,19.286006927490234
2011-07-01,21.860000610351562,20.770000457763672,20.809999465942383,21.809999465942383,2945600.0,20.203062057495117
2011-07-05,22.0,21.700000762939453,21.81999969482422,21.809999465942383,2159800.0,20.203062057495117
2011-07-06,21.8700008392334,21.520000457763672,21.81999969482422,21.6299991607666,2031700.0,20.036325454711914
2011-07-07,21.950000762939453,21.68000030517578,21.899999618530273,21.760000228881836,2040300.0,20.156753540039062
2011-07-08,21.520000457763672,21.190000534057617,21.5,21.3799991607666,2224700.0,19.804746627807617
2011-07-11,21.25,20.790000915527344,21.1200008392334,20.829999923706055,1654300.0,19.295272827148438
2011-07-12,20.959999084472656,20.600000381469727,20.81999969482422,20.65999984741211,2510700.0,19.137792587280273
2011-07-13,20.93000030517578,20.6200008392334,20.709999084472656,20.709999084472656,2586800.0,19.184112548828125
2011-07-14,20.93000030517578,20.530000686645508,20.709999084472656,20.600000381469727,2354300.0,19.082216262817383
2011-07-15,20.850000381469727,20.549999237060547,20.690000534057617,20.75,1526600.0,19.22116470336914
2011-07-18,20.639999389648438,20.219999313354492,20.610000610351562,20.31999969482422,1918000.0,18.822843551635742
2011-07-19,21.020000457763672,20.40999984741211,20.420000076293945,20.940000534057617,1728500.0,19.397165298461914
2011-07-20,21.0,20.709999084472656,20.940000534057617,20.84000015258789,1266500.0,19.30453109741211
2011-07-21,21.489999771118164,20.969999313354492,20.989999771118164,21.479999542236328,1784600.0,19.897377014160156
2011-07-22,21.6200008392334,21.360000610351562,21.459999084472656,21.459999084472656,1508300.0,19.878856658935547
2011-07-25,21.440000534057617,21.170000076293945,21.190000534057617,21.200000762939453,1308300.0,19.638011932373047
2011-07-26,21.270000457763672,20.950000762939453,21.239999771118164,20.989999771118164,1132900.0,19.443483352661133
2011-07-27,20.93000030517578,20.440000534057617,20.889999389648438,20.510000228881836,2051700.0,18.998849868774414
2011-07-28,20.6200008392334,20.459999084472656,20.510000228881836,20.469999313354492,1616400.0,18.961795806884766
2011-07-29,20.6200008392334,20.15999984741211,20.280000686645508,20.389999389648438,1608800.0,18.8876895904541
2011-08-01,20.549999237060547,20.049999237060547,20.510000228881836,20.190000534057617,2003300.0,18.702423095703125
2011-08-02,20.15999984741211,19.530000686645508,20.010000228881836,19.549999237060547,2703800.0,18.109577178955078
2011-08-03,19.540000915527344,19.100000381469727,19.459999084472656,19.459999084472656,3190200.0,18.026212692260742
2011-08-04,19.25,18.149999618530273,19.190000534057617,18.149999618530273,4182100.0,16.81273078918457
2011-08-05,18.459999084472656,17.770000457763672,18.420000076293945,18.34000015258789,4661900.0,16.98872947692871
2011-08-08,18.139999389648438,16.530000686645508,18.020000457763672,16.6299991607666,5552000.0,15.4047212600708
2011-08-09,18.18000030517578,16.420000076293945,16.860000610351562,18.170000076293945,6264600.0,16.831254959106445
2011-08-10,18.270000457763672,17.450000762939453,17.809999465942383,17.6299991607666,5148100.0,16.33104133605957
2011-08-11,18.739999771118164,17.5,17.68000030517578,18.489999771118164,3692100.0,17.127681732177734
2011-08-12,19.059999465942383,18.5,18.68000030517578,18.8700008392334,2682600.0,17.47968101501465
2011-08-15,19.290000915527344,18.979999542236328,19.049999237060547,19.25,2110300.0,17.831684112548828
2011-08-16,19.459999084472656,19.020000457763672,19.3700008392334,19.329999923706055,2336500.0,17.90578842163086
2011-08-17,19.739999771118164,19.030000686645508,19.43000030517578,19.170000076293945,1951700.0,17.757577896118164
2011-08-18,19.06999969482422,18.200000762939453,18.719999313354492,19.0,3501000.0,17.6001033782959
2011-08-19,19.309999465942383,18.690000534057617,18.729999542236328,18.959999084472656,2749700.0,17.563051223754883
2011-08-22,19.3799991607666,18.950000762939453,19.3799991607666,19.1299991607666,2016100.0,17.720521926879883
2011-08-23,19.489999771118164,19.030000686645508,19.219999313354492,19.389999389648438,2356600.0,17.96137046813965
2011-08-24,19.450000762939453,18.959999084472656,19.290000915527344,19.299999237060547,1847600.0,17.878000259399414
2011-08-25,19.399999618530273,18.649999618530273,19.34000015258789,18.719999313354492,2102600.0,17.34073257446289
2011-08-26,19.079999923706055,18.1200008392334,18.579999923706055,19.059999465942383,1872300.0,17.65567970275879
2011-08-29,19.8700008392334,19.209999084472656,19.299999237060547,19.8700008392334,1108800.0,18.40599822998047
2011-08-30,20.079999923706055,19.56999969482422,19.760000228881836,19.729999542236328,2204500.0,18.276315689086914
2011-08-31,19.940000534057617,19.610000610351562,19.829999923706055,19.770000457763672,1891700.0,18.313371658325195
2011-09-01,19.790000915527344,19.290000915527344,19.68000030517578,19.350000381469727,1863300.0,17.924314498901367
2011-09-02,19.229999542236328,18.93000030517578,18.989999771118164,19.139999389648438,1299100.0,17.729787826538086
2011-09-06,18.84000015258789,18.3799991607666,18.520000457763672,18.780000686645508,1955400.0,17.396310806274414
2011-09-07,19.270000457763672,18.81999969482422,19.030000686645508,19.270000457763672,1409200.0,17.850210189819336
2011-09-08,19.170000076293945,18.610000610351562,19.149999618530273,18.639999389648438,1807800.0,17.266632080078125
2011-09-09,18.600000381469727,18.25,18.440000534057617,18.3700008392334,1579100.0,17.01651954650879
2011-09-12,18.559999465942383,18.040000915527344,18.1200008392334,18.530000686645508,1587700.0,17.16473388671875
2011-09-13,18.739999771118164,18.399999618530273,18.530000686645508,18.6200008392334,1551100.0,17.24810218811035
2011-09-14,19.260000228881836,18.43000030517578,18.719999313354492,19.040000915527344,1420400.0,17.637155532836914
2011-09-15,19.270000457763672,19.020000457763672,19.18000030517578,19.18000030517578,1861800.0,17.7668399810791
2011-09-16,19.459999084472656,19.059999465942383,19.239999771118164,19.139999389648438,2823700.0,17.729787826538086
2011-09-19,18.90999984741211,18.610000610351562,18.799999237060547,18.799999237060547,1716000.0,17.414838790893555
2011-09-20,19.299999237060547,18.709999084472656,18.899999618530273,18.709999084472656,1740200.0,17.33146858215332
2011-09-21,18.719999313354492,18.040000915527344,18.670000076293945,18.040000915527344,1937600.0,16.710834503173828
2011-09-22,17.899999618530273,17.350000381469727,17.5,17.790000915527344,2722300.0,16.479249954223633
2011-09-23,17.899999618530273,17.559999465942383,17.739999771118164,17.6200008392334,2625900.0,16.3217830657959
2011-09-26,18.200000762939453,17.59000015258789,17.829999923706055,18.170000076293945,2115200.0,16.831254959106445
2011-09-27,18.860000610351562,18.18000030517578,18.6200008392334,18.280000686645508,2479000.0,16.93315315246582
2011-09-28,18.440000534057617,17.81999969482422,18.350000381469727,17.860000610351562,2805200.0,16.544097900390625
2011-09-29,18.479999542236328,18.0,18.139999389648438,18.389999389648438,2213800.0,17.035051345825195
2011-09-30,18.350000381469727,17.65999984741211,18.18000030517578,18.0,2865100.0,16.67378044128418
2011-10-03,18.149999618530273,17.510000228881836,17.799999237060547,17.540000915527344,2681300.0,16.247669219970703
2011-10-04,18.309999465942383,17.049999237060547,17.290000915527344,18.260000228881836,2700000.0,16.914623260498047
2011-10-05,18.729999542236328,18.280000686645508,18.299999237060547,18.719999313354492,2232600.0,17.34073257446289
2011-10-06,20.799999237060547,19.729999542236328,19.860000610351562,20.399999618530273,5772000.0,18.89695167541504
2011-10-07,20.90999984741211,20.020000457763672,20.59000015258789,20.3700008392334,3856000.0,18.869163513183594
2011-10-10,21.030000686645508,20.600000381469727,20.700000762939453,20.809999465942383,1821500.0,19.276744842529297
2011-10-11,20.84000015258789,20.540000915527344,20.729999542236328,20.6200008392334,1734800.0,19.100746154785156
2011-10-12,20.780000686645508,20.190000534057617,20.719999313354492,20.239999771118164,3203400.0,18.748737335205078
2011-10-13,20.350000381469727,20.0,20.149999618530273,20.299999237060547,2253000.0,18.8043212890625
2011-10-14,20.549999237060547,20.049999237060547,20.549999237060547,20.299999237060547,1683100.0,18.8043212890625
2011-10-17,20.260000228881836,19.850000381469727,20.190000534057617,19.950000762939453,2405900.0,18.4801082611084
2011-10-18,20.56999969482422,19.799999237060547,19.889999389648438,20.239999771118164,2514100.0,18.748737335205078
2011-10-19,20.350000381469727,20.030000686645508,20.260000228881836,20.110000610351562,1727800.0,18.628320693969727
2011-10-20,20.25,19.860000610351562,20.06999969482422,20.100000381469727,1829200.0,18.619062423706055
2011-10-21,20.329999923706055,19.989999771118164,20.229999542236328,20.149999618530273,1361200.0,18.665363311767578
2011-10-24,20.270000457763672,19.90999984741211,20.209999084472656,19.940000534057617,1980400.0,18.47084617614746
2011-10-25,19.979999542236328,19.5,19.850000381469727,19.790000915527344,1888900.0,18.331897735595703
2011-10-26,20.079999923706055,19.489999771118164,19.979999542236328,20.049999237060547,4381400.0,18.572738647460938
2011-10-27,20.760000228881836,20.170000076293945,20.489999771118164,20.56999969482422,2759800.0,19.054420471191406
2011-10-28,20.770000457763672,20.469999313354492,20.469999313354492,20.56999969482422,1613300.0,19.054420471191406
2011-10-31,20.729999542236328,20.219999313354492,20.280000686645508,20.219999313354492,2075700.0,18.730215072631836
2011-11-01,19.90999984741211,19.43000030517578,19.649999618530273,19.719999313354492,2334300.0,18.267053604125977
2011-11-02,20.110000610351562,19.450000762939453,20.020000457763672,19.649999618530273,3384600.0,18.20220947265625
2011-11-03,20.06999969482422,19.59000015258789,19.8700008392334,20.0,2095400.0,18.52642250061035
2011-11-04,20.06999969482422,19.68000030517578,19.889999389648438,19.940000534057617,1443800.0,18.47084617614746
2011-11-07,20.239999771118164,19.920000076293945,20.010000228881836,20.190000534057617,1543400.0,18.702423095703125
2011-11-08,20.559999465942383,20.079999923706055,20.200000762939453,20.440000534057617,2690000.0,18.934001922607422
2011-11-09,20.200000762939453,19.639999389648438,20.059999465942383,19.690000534057617,1792000.0,18.239269256591797
2011-11-10,19.969999313354492,19.440000534057617,19.959999084472656,19.719999313354492,1476500.0,18.267053604125977
2011-11-11,20.469999313354492,19.829999923706055,19.899999618530273,20.469999313354492,1351700.0,18.961795806884766
2011-11-14,20.559999465942383,20.209999084472656,20.440000534057617,20.360000610351562,1517500.0,18.859899520874023
2011-11-15,20.469999313354492,20.1200008392334,20.329999923706055,20.34000015258789,1283000.0,18.841365814208984
2011-11-16,20.25,19.770000457763672,20.239999771118164,19.790000915527344,1680800.0,18.331897735595703
2011-11-17,19.8700008392334,19.350000381469727,19.81999969482422,19.5,1794100.0,18.063264846801758
2011-11-18,19.56999969482422,19.18000030517578,19.540000915527344,19.350000381469727,1355300.0,17.924314498901367
2011-11-21,19.079999923706055,18.530000686645508,19.079999923706055,18.790000915527344,1830300.0,17.405574798583984
2011-11-22,18.790000915527344,18.280000686645508,18.690000534057617,18.350000381469727,1731900.0,16.997989654541016
2011-11-23,18.299999237060547,18.020000457763672,18.139999389648438,18.020000457763672,1483800.0,16.692312240600586
2011-11-25,18.200000762939453,17.950000762939453,18.0,17.979999542236328,781900.0,16.655256271362305
2011-11-28,18.540000915527344,18.270000457763672,18.43000030517578,18.40999984741211,1954000.0,17.053573608398438
2011-11-29,18.770000457763672,18.40999984741211,18.43000030517578,18.540000915527344,1824700.0,17.173995971679688
2011-11-30,19.489999771118164,18.959999084472656,19.030000686645508,19.469999313354492,2148400.0,18.035470962524414
2011-12-01,19.469999313354492,19.110000610351562,19.399999618530273,19.170000076293945,1687700.0,17.757577896118164
2011-12-02,19.350000381469727,18.950000762939453,19.309999465942383,19.06999969482422,1531400.0,17.664947509765625
2011-12-05,19.670000076293945,19.229999542236328,19.350000381469727,19.420000076293945,1452700.0,17.989160537719727
2011-12-06,19.559999465942383,19.200000762939453,19.3700008392334,19.3799991607666,1127500.0,17.952102661132812
2011-12-07,19.420000076293945,19.170000076293945,19.270000457763672,19.309999465942383,1637800.0,17.887264251708984
2011-12-08,19.3700008392334,19.100000381469727,19.219999313354492,19.309999465942383,2227500.0,17.887264251708984
2011-12-09,19.860000610351562,19.290000915527344,19.399999618530273,19.790000915527344,2330300.0,18.331897735595703
2011-12-12,19.600000381469727,19.459999084472656,19.540000915527344,19.549999237060547,1740500.0,18.109577178955078
2011-12-13,19.739999771118164,19.31999969482422,19.6299991607666,19.43000030517578,2100900.0,17.99842071533203
2011-12-14,19.5,19.239999771118164,19.3700008392334,19.360000610351562,1708600.0,17.933576583862305
2011-12-15,19.6200008392334,19.3799991607666,19.540000915527344,19.5,1795900.0,18.063264846801758
2011-12-16,19.950000762939453,19.489999771118164,19.639999389648438,19.530000686645508,2145800.0,18.091054916381836
2011-12-19,19.780000686645508,19.440000534057617,19.549999237060547,19.510000228881836,1156800.0,18.072528839111328
2011-12-20,19.90999984741211,19.520000457763672,19.75,19.530000686645508,2151200.0,18.091054916381836
2011-12-21,20.40999984741211,19.5,19.610000610351562,20.399999618530273,1735500.0,18.89695167541504
2011-12-22,20.760000228881836,20.399999618530273,20.489999771118164,20.59000015258789,1550700.0,19.07295036315918
2011-12-23,20.809999465942383,20.639999389648438,20.670000076293945,20.75,521500.0,19.22116470336914
2011-12-27,21.010000228881836,20.739999771118164,20.770000457763672,20.989999771118164,550400.0,19.443483352661133
2011-12-28,21.0,20.420000076293945,20.959999084472656,20.479999542236328,1065400.0,18.971054077148438
2011-12-29,20.790000915527344,20.489999771118164,20.489999771118164,20.68000030517578,572900.0,19.156320571899414
2011-12-30,20.899999618530273,20.610000610351562,20.739999771118164,20.670000076293945,610900.0,19.14706039428711
2012-01-03,21.030000686645508,20.729999542236328,20.959999084472656,20.729999542236328,1643500.0,19.20262908935547
2012-01-04,20.81999969482422,20.40999984741211,20.450000762939453,20.440000534057617,2571200.0,18.934001922607422
2012-01-05,19.899999618530273,19.139999389648438,19.6200008392334,19.729999542236328,3075000.0,18.276315689086914
2012-01-06,19.899999618530273,19.600000381469727,19.829999923706055,19.65999984741211,1898700.0,18.21147346496582
2012-01-09,20.149999618530273,19.5,19.6299991607666,20.010000228881836,1603200.0,18.53569221496582
2012-01-10,20.700000762939453,20.200000762939453,20.25,20.700000762939453,1825700.0,19.174850463867188
2012-01-11,21.020000457763672,20.6299991607666,20.65999984741211,20.979999542236328,1999900.0,19.434221267700195
2012-01-12,21.18000030517578,20.93000030517578,20.959999084472656,21.0,1235500.0,19.45274543762207
2012-01-13,20.979999542236328,20.600000381469727,20.850000381469727,20.700000762939453,1138000.0,19.174850463867188
2012-01-17,21.040000915527344,20.639999389648438,20.93000030517578,20.65999984741211,1223400.0,19.137792587280273
2012-01-18,20.809999465942383,20.579999923706055,20.639999389648438,20.770000457763672,1508600.0,19.23969078063965
2012-01-19,21.020000457763672,20.709999084472656,20.860000610351562,21.020000457763672,1181100.0,19.471269607543945
2012-01-20,21.049999237060547,20.809999465942383,21.030000686645508,21.030000686645508,926500.0,19.480531692504883
2012-01-23,21.15999984741211,20.979999542236328,21.030000686645508,21.079999923706055,915500.0,19.526857376098633
2012-01-24,21.049999237060547,20.790000915527344,20.940000534057617,20.940000534057617,1054400.0,19.397165298461914
2012-01-25,21.219999313354492,20.670000076293945,20.8799991607666,21.149999618530273,1097900.0,19.591693878173828
2012-01-26,21.239999771118164,20.770000457763672,21.229999542236328,20.920000076293945,1302000.0,19.37864112854004
2012-01-27,21.040000915527344,20.75,20.860000610351562,20.920000076293945,1328500.0,19.37864112854004
2012-01-30,20.889999389648438,20.649999618530273,20.75,20.780000686645508,858400.0,19.248952865600586
2012-01-31,20.979999542236328,20.6200008392334,20.889999389648438,20.899999618530273,2549100.0,19.3601131439209
2012-02-01,21.790000915527344,21.049999237060547,21.09000015258789,21.3799991607666,2434700.0,19.804746627807617
2012-02-02,21.989999771118164,21.43000030517578,21.469999313354492,21.68000030517578,2067600.0,20.082643508911133
2012-02-03,22.030000686645508,21.760000228881836,21.850000381469727,21.8700008392334,1414300.0,20.258644104003906
2012-02-06,21.989999771118164,21.719999313354492,21.739999771118164,21.81999969482422,1594000.0,20.21232795715332
2012-02-07,22.0,21.799999237060547,21.809999465942383,21.889999389648438,1016400.0,20.27716827392578
2012-02-08,21.969999313354492,21.559999465942383,21.8700008392334,21.6299991607666,1303000.0,20.036325454711914
2012-02-09,21.809999465942383,21.489999771118164,21.639999389648438,21.709999084472656,1310700.0,20.11043357849121
2012-02-10,21.649999618530273,21.290000915527344,21.579999923706055,21.450000762939453,969700.0,19.869590759277344
2012-02-13,21.780000686645508,21.510000228881836,21.6200008392334,21.59000015258789,1047900.0,19.9992733001709
2012-02-14,21.719999313354492,21.389999389648438,21.600000381469727,21.459999084472656,1424400.0,19.878856658935547
2012-02-15,21.65999984741211,21.31999969482422,21.600000381469727,21.469999313354492,1970600.0,19.88811683654785
2012-02-16,22.06999969482422,21.5,21.510000228881836,22.010000228881836,1643200.0,20.38833236694336
2012-02-17,22.34000015258789,22.059999465942383,22.1200008392334,22.219999313354492,1651100.0,20.582857131958008
2012-02-21,22.299999237060547,21.829999923706055,22.209999084472656,21.829999923706055,1696100.0,20.221595764160156
2012-02-22,21.950000762939453,21.739999771118164,21.829999923706055,21.850000381469727,1100700.0,20.24011993408203
2012-02-23,21.850000381469727,21.40999984741211,21.81999969482422,21.530000686645508,1505700.0,19.943696975708008
2012-02-24,21.729999542236328,21.5,21.610000610351562,21.56999969482422,1006300.0,19.980745315551758
2012-02-27,21.68000030517578,21.270000457763672,21.450000762939453,21.479999542236328,1628800.0,19.897377014160156
2012-02-28,21.850000381469727,21.540000915527344,21.559999465942383,21.65999984741211,1306700.0,20.06411361694336
2012-02-29,22.149999618530273,21.690000534057617,21.739999771118164,21.84000015258789,1994000.0,20.230852127075195
2012-03-01,22.68000030517578,21.920000076293945,21.93000030517578,22.510000228881836,2766300.0,20.851490020751953
2012-03-02,22.530000686645508,22.200000762939453,22.479999542236328,22.229999542236328,1078400.0,20.592121124267578
2012-03-05,22.34000015258789,21.989999771118164,22.18000030517578,22.209999084472656,1041900.0,20.57359504699707
2012-03-06,22.1200008392334,21.729999542236328,22.040000915527344,21.81999969482422,1155800.0,20.21232795715332
2012-03-07,21.989999771118164,21.68000030517578,21.850000381469727,21.829999923706055,954100.0,20.221595764160156
2012-03-08,22.290000915527344,22.020000457763672,22.059999465942383,22.209999084472656,768200.0,20.57359504699707
2012-03-09,22.479999542236328,22.190000534057617,22.260000228881836,22.34000015258789,851700.0,20.694013595581055
2012-03-12,22.709999084472656,22.309999465942383,22.350000381469727,22.56999969482422,981200.0,20.90707015991211
2012-03-13,22.850000381469727,22.360000610351562,22.610000610351562,22.829999923706055,1207100.0,21.147916793823242
2012-03-14,22.8700008392334,22.610000610351562,22.790000915527344,22.639999389648438,967700.0,20.97191047668457
2012-03-15,22.75,22.559999465942383,22.610000610351562,22.690000534057617,774600.0,21.01822853088379
2012-03-16,22.889999389648438,22.6200008392334,22.709999084472656,22.770000457763672,1318500.0,21.092336654663086
2012-03-19,22.829999923706055,22.670000076293945,22.739999771118164,22.719999313354492,791400.0,21.0460147857666
2012-03-20,22.68000030517578,22.440000534057617,22.540000915527344,22.559999465942383,1080900.0,20.897808074951172
2012-03-21,22.899999618530273,22.3799991607666,22.649999618530273,22.81999969482422,984300.0,21.138648986816406
2012-03-22,23.389999389648438,22.690000534057617,22.780000686645508,23.3700008392334,1977000.0,21.64812469482422
2012-03-23,23.610000610351562,23.309999465942383,23.450000762939453,23.530000686645508,1766000.0,21.79633331298828
2012-03-26,23.860000610351562,23.530000686645508,23.670000076293945,23.780000686645508,1306200.0,22.027915954589844
2012-03-27,23.899999618530273,23.600000381469727,23.850000381469727,23.770000457763672,1264000.0,22.018657684326172
2012-03-28,23.780000686645508,23.489999771118164,23.75,23.75,1132800.0,22.0001277923584
2012-03-29,23.719999313354492,23.270000457763672,23.559999465942383,23.6200008392334,1717200.0,21.87970542907715
2012-03-30,23.920000076293945,23.510000228881836,23.780000686645508,23.59000015258789,2317500.0,21.851917266845703
2012-04-02,24.030000686645508,23.530000686645508,23.530000686645508,23.950000762939453,2700200.0,22.185394287109375
2012-04-03,24.790000915527344,24.200000762939453,24.350000381469727,24.5,4658400.0,22.694868087768555
2012-04-04,24.8700008392334,24.260000228881836,24.350000381469727,24.690000534057617,5279100.0,22.870866775512695
2012-04-05,23.0,20.979999542236328,22.65999984741211,21.610000610351562,15637700.0,20.017799377441406
2012-04-09,21.549999237060547,20.93000030517578,21.3700008392334,21.549999237060547,4354600.0,19.962217330932617
2012-04-10,21.56999969482422,20.979999542236328,21.420000076293945,21.170000076293945,3813400.0,19.6102237701416
2012-04-11,21.43000030517578,21.040000915527344,21.360000610351562,21.209999084472656,2556900.0,19.64727210998535
2012-04-12,21.6200008392334,21.219999313354492,21.239999771118164,21.489999771118164,2059500.0,19.906644821166992
2012-04-13,21.75,21.450000762939453,21.450000762939453,21.59000015258789,1717000.0,19.9992733001709
2012-04-16,21.760000228881836,21.399999618530273,21.65999984741211,21.510000228881836,2183700.0,19.925167083740234
2012-04-17,21.729999542236328,21.489999771118164,21.639999389648438,21.600000381469727,3022100.0,20.00853729248047
2012-04-18,21.59000015258789,21.290000915527344,21.469999313354492,21.31999969482422,2602200.0,19.749164581298828
2012-04-19,21.489999771118164,21.040000915527344,21.329999923706055,21.100000381469727,3633400.0,19.545379638671875
2012-04-20,21.34000015258789,21.06999969482422,21.149999618530273,21.239999771118164,3815300.0,19.675064086914062
2012-04-23,21.309999465942383,21.0,21.030000686645508,21.229999542236328,2416900.0,19.665796279907227
2012-04-24,21.59000015258789,21.280000686645508,21.280000686645508,21.489999771118164,2079200.0,19.906644821166992
2012-04-25,21.93000030517578,21.559999465942383,21.600000381469727,21.760000228881836,1934600.0,20.156753540039062
2012-04-26,22.040000915527344,21.700000762939453,21.700000762939453,21.950000762939453,2852100.0,20.332748413085938
2012-04-27,22.09000015258789,21.729999542236328,22.049999237060547,21.770000457763672,3986300.0,20.166013717651367
2012-04-30,21.709999084472656,21.440000534057617,21.690000534057617,21.600000381469727,2499400.0,20.00853729248047
2012-05-01,21.8799991607666,21.520000457763672,21.59000015258789,21.709999084472656,2152600.0,20.11043357849121
2012-05-02,21.639999389648438,21.43000030517578,21.639999389648438,21.5,3322600.0,19.915903091430664
2012-05-03,21.75,21.549999237060547,21.549999237060547,21.59000015258789,2592400.0,19.9992733001709
2012-05-04,21.510000228881836,20.770000457763672,21.479999542236328,20.809999465942383,2687400.0,19.276744842529297
2012-05-07,20.8700008392334,20.610000610351562,20.700000762939453,20.729999542236328,2150300.0,19.20262908935547
2012-05-08,20.65999984741211,20.489999771118164,20.6200008392334,20.59000015258789,2179500.0,19.07295036315918
2012-05-09,20.520000457763672,20.219999313354492,20.31999969482422,20.280000686645508,2692500.0,18.785791397094727
2012-05-10,20.520000457763672,20.139999389648438,20.360000610351562,20.170000076293945,2040800.0,18.683902740478516
2012-05-11,20.200000762939453,19.93000030517578,20.110000610351562,19.950000762939453,3147400.0,18.4801082611084
2012-05-14,19.899999618530273,19.280000686645508,19.729999542236328,19.31999969482422,2672800.0,17.896526336669922
2012-05-15,19.3700008392334,18.979999542236328,19.280000686645508,19.059999465942383,4304100.0,17.65567970275879
2012-05-16,19.260000228881836,19.010000228881836,19.09000015258789,19.139999389648438,3146200.0,17.729787826538086
2012-05-17,19.229999542236328,18.850000381469727,19.1200008392334,18.850000381469727,2732700.0,17.46115493774414
2012-05-18,19.030000686645508,18.729999542236328,18.770000457763672,18.790000915527344,1888700.0,17.405574798583984
2012-05-21,19.06999969482422,18.690000534057617,18.850000381469727,19.010000228881836,1302400.0,17.60936737060547
2012-05-22,19.139999389648438,18.68000030517578,19.010000228881836,18.770000457763672,2302000.0,17.387048721313477
2012-05-23,19.040000915527344,18.600000381469727,18.690000534057617,19.0,1816300.0,17.6001033782959
2012-05-24,19.18000030517578,18.90999984741211,19.010000228881836,19.149999618530273,1437300.0,17.73905372619629
2012-05-25,19.5,19.18000030517578,19.190000534057617,19.34000015258789,1484900.0,17.91505241394043
2012-05-29,19.559999465942383,19.350000381469727,19.360000610351562,19.510000228881836,1143200.0,18.072528839111328
2012-05-30,19.479999542236328,19.31999969482422,19.3700008392334,19.360000610351562,1694500.0,17.933576583862305
2012-05-31,19.360000610351562,19.09000015258789,19.329999923706055,19.290000915527344,2405900.0,17.868736267089844
2012-06-01,19.020000457763672,18.670000076293945,18.979999542236328,18.760000228881836,1919300.0,17.377784729003906
2012-06-04,18.860000610351562,18.5,18.770000457763672,18.690000534057617,1227000.0,17.312946319580078
2012-06-05,19.170000076293945,18.59000015258789,18.600000381469727,19.1200008392334,1578000.0,17.71125602722168
2012-06-06,19.549999237060547,19.209999084472656,19.229999542236328,19.469999313354492,1888000.0,18.035470962524414
2012-06-07,19.700000762939453,19.09000015258789,19.68000030517578,19.110000610351562,1737600.0,17.701997756958008
2012-06-08,19.329999923706055,19.0,19.100000381469727,19.149999618530273,1660900.0,17.73905372619629
2012-06-11,19.3799991607666,18.690000534057617,19.290000915527344,18.709999084472656,2213500.0,17.33146858215332
2012-06-12,19.020000457763672,18.719999313354492,18.760000228881836,19.010000228881836,1747800.0,17.60936737060547
2012-06-13,19.209999084472656,18.889999389648438,19.0,19.110000610351562,1537300.0,17.701997756958008
2012-06-14,19.610000610351562,19.1200008392334,19.149999618530273,19.579999923706055,1651300.0,18.137371063232422
2012-06-15,19.739999771118164,19.549999237060547,19.65999984741211,19.65999984741211,1711600.0,18.21147346496582
2012-06-18,19.770000457763672,19.459999084472656,19.549999237060547,19.670000076293945,1205800.0,18.220739364624023
2012-06-19,20.079999923706055,19.68000030517578,19.760000228881836,19.889999389648438,1301100.0,18.424522399902344
2012-06-20,20.010000228881836,19.670000076293945,19.850000381469727,19.84000015258789,1206400.0,18.378211975097656
2012-06-21,19.989999771118164,19.459999084472656,19.969999313354492,19.5,1309000.0,18.063264846801758
2012-06-22,19.670000076293945,19.280000686645508,19.549999237060547,19.3700008392334,2077500.0,17.94283676147461
2012-06-25,22.209999084472656,20.309999465942383,20.520000457763672,21.860000610351562,16743000.0,20.249380111694336
2012-06-26,22.540000915527344,21.6299991607666,21.860000610351562,22.190000534057617,5914100.0,20.55506706237793
2012-06-27,22.229999542236328,21.719999313354492,22.190000534057617,21.75,5389200.0,20.14748764038086
2012-06-28,22.040000915527344,21.3700008392334,21.809999465942383,21.760000228881836,6283600.0,20.156753540039062
2012-06-29,27.440000534057617,25.399999618530273,26.049999237060547,27.059999465942383,14559000.0,25.06624984741211
2012-07-02,28.969999313354492,26.549999237060547,26.739999771118164,28.809999465942383,11361600.0,26.68730926513672
2012-07-03,28.790000915527344,28.0,28.40999984741211,28.25,4472500.0,26.1685733795166
2012-07-05,28.75,27.780000686645508,27.940000534057617,28.59000015258789,4666600.0,26.4835205078125
2012-07-06,28.59000015258789,28.100000381469727,28.329999923706055,28.459999084472656,2510800.0,26.363101959228516
2012-07-09,28.600000381469727,27.610000610351562,28.40999984741211,27.719999313354492,5010800.0,25.67761993408203
2012-07-10,28.15999984741211,27.479999542236328,27.940000534057617,27.670000076293945,3010400.0,25.63130760192871
2012-07-11,27.8799991607666,27.450000762939453,27.649999618530273,27.6200008392334,2007000.0,25.58498764038086
2012-07-12,28.93000030517578,27.170000076293945,27.209999084472656,28.739999771118164,4531500.0,26.622468948364258
2012-07-13,29.479999542236328,28.459999084472656,28.56999969482422,29.290000915527344,4271200.0,27.13195037841797
2012-07-16,29.350000381469727,28.979999542236328,29.110000610351562,29.1200008392334,2870600.0,26.974477767944336
2012-07-17,29.350000381469727,28.90999984741211,29.06999969482422,29.18000030517578,3804800.0,27.030054092407227
2012-07-18,29.479999542236328,28.920000076293945,29.1299991607666,29.350000381469727,2144600.0,27.187524795532227
2012-07-19,29.40999984741211,28.969999313354492,29.350000381469727,29.149999618530273,3083000.0,27.00226593017578
2012-07-20,29.100000381469727,28.299999237060547,28.93000030517578,28.440000534057617,4425100.0,26.344572067260742
2012-07-23,28.579999923706055,28.079999923706055,28.329999923706055,28.299999237060547,3037000.0,26.214893341064453
2012-07-24,28.899999618530273,28.18000030517578,28.40999984741211,28.450000762939453,2887200.0,26.353836059570312
2012-07-25,28.479999542236328,27.729999542236328,28.43000030517578,27.760000228881836,3480300.0,25.714677810668945
2012-07-26,28.75,28.270000457763672,28.270000457763672,28.709999084472656,1804200.0,26.594680786132812
2012-07-27,29.43000030517578,28.709999084472656,28.84000015258789,29.020000457763672,1609900.0,26.881839752197266
2012-07-30,28.829999923706055,28.469999313354492,28.81999969482422,28.649999618530273,1800200.0,26.53909683227539
2012-07-31,28.579999923706055,28.149999618530273,28.489999771118164,28.209999084472656,1914100.0,26.131521224975586
2012-08-01,29.200000762939453,28.469999313354492,28.469999313354492,29.059999465942383,2213100.0,26.91889190673828
2012-08-02,29.530000686645508,28.729999542236328,28.729999542236328,29.079999923706055,2533700.0,26.937421798706055
2012-08-03,29.989999771118164,29.270000457763672,29.40999984741211,29.920000076293945,3186300.0,27.715530395507812
2012-08-06,30.0,29.809999465942383,29.979999542236328,29.90999984741211,1653000.0,27.706266403198242
2012-08-07,29.959999084472656,29.579999923706055,29.850000381469727,29.670000076293945,1907100.0,27.483957290649414
2012-08-08,30.09000015258789,29.34000015258789,29.469999313354492,29.790000915527344,2130500.0,27.595108032226562
2012-08-09,29.940000534057617,29.280000686645508,29.610000610351562,29.850000381469727,1709600.0,27.650686264038086
2012-08-10,29.950000762939453,29.309999465942383,29.530000686645508,29.940000534057617,1212300.0,27.73405647277832
2012-08-13,29.950000762939453,29.639999389648438,29.920000076293945,29.75,1320000.0,27.55805778503418
2012-08-14,31.0,29.81999969482422,29.81999969482422,30.68000030517578,5263700.0,28.419536590576172
2012-08-15,32.25,30.729999542236328,30.780000686645508,31.649999618530273,5298200.0,29.31806182861328
2012-08-16,31.979999542236328,31.420000076293945,31.600000381469727,31.93000030517578,2957200.0,29.577438354492188
2012-08-17,32.599998474121094,32.08000183105469,32.09000015258789,32.5,2739900.0,30.105438232421875
2012-08-20,32.43000030517578,31.5,32.43000030517578,31.959999084472656,3608200.0,29.605222702026367
2012-08-21,32.560001373291016,31.809999465942383,31.969999313354492,32.20000076293945,2265300.0,29.82753562927246
2012-08-22,32.27000045776367,31.989999771118164,32.11000061035156,32.22999954223633,1623100.0,29.855329513549805
2012-08-23,32.349998474121094,31.920000076293945,32.099998474121094,32.279998779296875,1794600.0,29.901647567749023
2012-08-24,32.810001373291016,32.029998779296875,32.130001068115234,32.720001220703125,2021500.0,30.30923080444336
2012-08-27,32.77000045776367,32.36000061035156,32.65999984741211,32.45000076293945,1808700.0,30.059127807617188
2012-08-28,32.63999938964844,32.209999084472656,32.400001525878906,32.439998626708984,2242500.0,30.049863815307617
2012-08-29,33.02000045776367,32.290000915527344,32.290000915527344,32.849998474121094,2718100.0,30.429651260375977
2012-08-30,32.90999984741211,32.56999969482422,32.66999816894531,32.81999969482422,1878900.0,30.40185546875
2012-08-31,33.22999954223633,32.709999084472656,33.0,32.939998626708984,2307200.0,30.513011932373047
2012-09-04,33.34000015258789,32.779998779296875,33.040000915527344,33.220001220703125,2726200.0,30.77238655090332
2012-09-05,33.5099983215332,33.13999938964844,33.27000045776367,33.15999984741211,2765100.0,30.716812133789062
2012-09-06,34.20000076293945,33.40999984741211,33.40999984741211,34.060001373291016,2241500.0,31.550500869750977
2012-09-07,34.20000076293945,33.54999923706055,34.04999923706055,33.650001525878906,1735500.0,31.17070960998535
2012-09-10,33.439998626708984,32.68000030517578,33.25,32.7599983215332,2761300.0,30.34628677368164
2012-09-11,32.939998626708984,32.689998626708984,32.880001068115234,32.79999923706055,2259100.0,30.383331298828125
2012-09-12,33.02000045776367,32.470001220703125,32.84000015258789,32.4900016784668,2458400.0,30.096179962158203
2012-09-13,32.88999938964844,32.09000015258789,32.400001525878906,32.7599983215332,3535800.0,30.34628677368164
2012-09-14,33.25,32.13999938964844,32.81999969482422,32.189998626708984,3053300.0,29.818275451660156
2012-09-17,32.939998626708984,31.989999771118164,32.16999816894531,32.939998626708984,2708600.0,30.513011932373047
2012-09-18,33.18000030517578,32.63999938964844,32.849998474121094,32.79999923706055,1448300.0,30.383331298828125
2012-09-19,33.45000076293945,32.63999938964844,32.90999984741211,33.15999984741211,1838000.0,30.716812133789062
2012-09-20,34.15999984741211,33.04999923706055,33.09000015258789,33.72999954223633,2732100.0,31.244808197021484
2012-09-21,34.060001373291016,33.25,33.83000183105469,33.2599983215332,2884900.0,30.8094425201416
2012-09-24,33.29999923706055,32.63999938964844,33.029998779296875,32.86000061035156,1769900.0,30.438913345336914
2012-09-25,33.11000061035156,32.130001068115234,33.0099983215332,32.16999816894531,2220000.0,29.799745559692383
2012-09-26,32.529998779296875,32.060001373291016,32.31999969482422,32.18000030517578,2027100.0,29.809019088745117
2012-09-27,32.65999984741211,32.09000015258789,32.20000076293945,32.599998474121094,1093100.0,30.198068618774414
2012-09-28,32.45000076293945,32.060001373291016,32.38999938964844,32.349998474121094,2369700.0,29.966487884521484
2012-10-01,32.75,32.2400016784668,32.56999969482422,32.66999816894531,2634600.0,30.26291847229004
2012-10-02,33.630001068115234,32.849998474121094,32.90999984741211,33.40999984741211,2585000.0,30.94839096069336
2012-10-03,34.650001525878906,33.72999954223633,34.0099983215332,34.29999923706055,5959100.0,31.77281379699707
2012-10-04,34.93000030517578,34.0,34.439998626708984,34.720001220703125,3752900.0,32.1618766784668
2012-10-05,36.5,35.04999923706055,35.349998474121094,36.20000076293945,4604500.0,33.53282928466797
2012-10-08,36.5,35.9900016784668,36.36000061035156,36.349998474121094,2259000.0,33.671775817871094
2012-10-09,36.439998626708984,34.63999938964844,36.29999923706055,34.779998779296875,6439400.0,32.21745681762695
2012-10-10,35.970001220703125,35.04999923706055,35.2599983215332,35.31999969482422,6646900.0,32.71767044067383
2012-10-11,35.83000183105469,35.20000076293945,35.5099983215332,35.20000076293945,3523700.0,32.60650634765625
2012-10-12,35.439998626708984,34.630001068115234,35.369998931884766,35.0,4271900.0,32.421234130859375
2012-10-15,35.59000015258789,34.93000030517578,34.97999954223633,35.560001373291016,2304800.0,32.93998336791992
2012-10-16,35.95000076293945,35.47999954223633,35.83000183105469,35.779998779296875,1763400.0,33.143775939941406
2012-10-17,36.97999954223633,35.77000045776367,35.90999984741211,36.91999816894531,3579200.0,34.19977951049805
2012-10-18,36.849998474121094,36.04999923706055,36.81999969482422,36.29999923706055,1971300.0,33.62546157836914
2012-10-19,36.220001220703125,35.290000915527344,36.209999084472656,35.650001525878906,1671300.0,33.023353576660156
2012-10-22,35.81999969482422,35.16999816894531,35.56999969482422,35.540000915527344,1482300.0,32.92145538330078
2012-10-23,35.40999984741211,34.86000061035156,35.099998474121094,35.27000045776367,1421600.0,32.67133712768555
2012-10-24,35.459999084472656,34.970001220703125,35.33000183105469,35.0,1181100.0,32.421234130859375
2012-10-25,35.84000015258789,35.20000076293945,35.349998474121094,35.810001373291016,1810300.0,33.17155838012695
2012-10-26,35.90999984741211,35.5,35.75,35.54999923706055,1650900.0,32.93070983886719
2012-10-31,36.0,35.220001220703125,35.58000183105469,35.34000015258789,1668300.0,32.73619079589844
2012-11-01,36.16999816894531,35.20000076293945,35.41999816894531,35.779998779296875,1848600.0,33.143775939941406
2012-11-02,36.09000015258789,35.709999084472656,36.0099983215332,35.810001373291016,1328700.0,33.17155838012695
2012-11-05,35.779998779296875,35.34000015258789,35.619998931884766,35.720001220703125,1331300.0,33.08819580078125
2012-11-06,36.61000061035156,35.72999954223633,35.810001373291016,36.36000061035156,1323800.0,33.6810417175293
2012-11-07,36.150001525878906,35.70000076293945,35.93000030517578,35.77000045776367,1302400.0,33.13450622558594
2012-11-08,35.970001220703125,34.75,35.63999938964844,34.86000061035156,1818500.0,32.29155731201172
2012-11-09,35.81999969482422,34.790000915527344,34.790000915527344,35.41999816894531,1346800.0,32.810302734375
2012-11-12,35.41999816894531,34.869998931884766,35.41999816894531,34.91999816894531,1815900.0,32.34713363647461
2012-11-13,35.06999969482422,34.2400016784668,34.790000915527344,34.290000915527344,2547600.0,31.763561248779297
2012-11-14,34.540000915527344,33.72999954223633,34.36000061035156,33.83000183105469,2003400.0,31.337461471557617
2012-11-15,33.900001525878906,33.459999084472656,33.880001068115234,33.560001373291016,1918100.0,31.087343215942383
2012-11-16,34.209999084472656,33.4900016784668,33.630001068115234,34.13999938964844,2403900.0,31.624610900878906
2012-11-19,34.70000076293945,34.11000061035156,34.5,34.619998931884766,1771100.0,32.06923294067383
2012-11-20,34.77000045776367,34.380001068115234,34.63999938964844,34.66999816894531,1029400.0,32.115543365478516
2012-11-21,34.779998779296875,34.349998474121094,34.66999816894531,34.38999938964844,944500.0,31.856184005737305
2012-11-23,35.11000061035156,34.619998931884766,34.65999984741211,35.11000061035156,382600.0,32.523128509521484
2012-11-26,34.95000076293945,34.400001525878906,34.84000015258789,34.400001525878906,1136100.0,31.86544418334961
2012-11-27,35.15999984741211,34.369998931884766,34.439998626708984,34.81999969482422,1828900.0,32.2545051574707
2012-11-28,35.4900016784668,34.56999969482422,34.70000076293945,35.36000061035156,934600.0,32.75470733642578
2012-11-29,35.81999969482422,35.38999938964844,35.5,35.7599983215332,1048800.0,33.125240325927734
2012-11-30,36.09000015258789,35.540000915527344,35.81999969482422,35.880001068115234,2474300.0,33.23640823364258
2012-12-03,36.099998474121094,35.70000076293945,35.97999954223633,35.93000030517578,1326600.0,33.28271484375
2012-12-04,35.95000076293945,35.540000915527344,35.880001068115234,35.86000061035156,949300.0,33.2178840637207
2012-12-05,35.970001220703125,35.279998779296875,35.970001220703125,35.630001068115234,969500.0,33.00482177734375
2012-12-06,36.119998931884766,35.61000061035156,35.630001068115234,36.0,843600.0,33.34756088256836
2012-12-07,36.02000045776367,35.77000045776367,35.83000183105469,36.0,1009000.0,33.34756088256836
2012-12-10,35.9900016784668,35.5099983215332,35.9900016784668,35.75,2050700.0,33.1159782409668
2012-12-11,36.04999923706055,35.619998931884766,35.869998931884766,35.7599983215332,1029700.0,33.125240325927734
2012-12-12,36.150001525878906,35.540000915527344,35.93000030517578,35.630001068115234,1318200.0,33.00482177734375
2012-12-13,35.869998931884766,35.099998474121094,35.709999084472656,35.20000076293945,1207100.0,32.60650634765625
2012-12-14,35.52000045776367,34.93000030517578,35.11000061035156,35.29999923706055,1233000.0,32.699134826660156
2012-12-17,35.630001068115234,35.27000045776367,35.43000030517578,35.54999923706055,1081400.0,32.93070983886719
2012-12-18,35.79999923706055,35.380001068115234,35.52000045776367,35.7400016784668,1163000.0,33.10672378540039
2012-12-19,35.79999923706055,35.41999816894531,35.689998626708984,35.439998626708984,936600.0,32.82881546020508
2012-12-20,36.130001068115234,35.36000061035156,35.459999084472656,35.88999938964844,1599500.0,33.245670318603516
2012-12-21,35.65999984741211,34.97999954223633,35.59000015258789,35.20000076293945,2612000.0,32.60650634765625
2012-12-24,35.310001373291016,34.599998474121094,35.0,35.06999969482422,576600.0,32.486083984375
2012-12-26,35.130001068115234,34.599998474121094,35.04999923706055,34.790000915527344,1066000.0,32.22671890258789
2012-12-27,34.97999954223633,34.54999923706055,34.7599983215332,34.84000015258789,1050400.0,32.27302169799805
2012-12-28,34.77000045776367,34.34000015258789,34.650001525878906,34.369998931884766,890400.0,31.8376522064209
2012-12-31,35.470001220703125,34.13999938964844,34.349998474121094,35.38999938964844,1589700.0,32.78251266479492
2013-01-02,37.56999969482422,35.79999923706055,35.95000076293945,37.560001373291016,2481500.0,34.79262161254883
2013-01-03,37.47999954223633,36.540000915527344,37.439998626708984,36.689998626708984,2584200.0,33.986724853515625
2013-01-04,36.900001525878906,36.599998474121094,36.68000030517578,36.75,1182900.0,34.04230499267578
2013-01-07,36.77000045776367,36.369998931884766,36.52000045776367,36.40999984741211,1889400.0,33.727359771728516
2013-01-08,36.470001220703125,34.849998474121094,36.38999938964844,36.060001373291016,4419500.0,33.403141021728516
2013-01-09,37.5099983215332,35.13999938964844,37.25,35.81999969482422,4685300.0,33.180824279785156
2013-01-10,36.349998474121094,35.5099983215332,36.33000183105469,35.68000030517578,3261500.0,33.05112838745117
2013-01-11,35.9900016784668,35.40999984741211,35.7400016784668,35.630001068115234,2838100.0,33.00482177734375
2013-01-14,35.880001068115234,34.459999084472656,35.310001373291016,35.33000183105469,5360700.0,32.7269287109375
2013-01-15,36.58000183105469,34.540000915527344,34.95000076293945,36.40999984741211,3536500.0,33.727359771728516
2013-01-16,38.900001525878906,37.0,37.20000076293945,38.650001525878906,6862700.0,35.80231475830078
2013-01-17,38.9900016784668,38.209999084472656,38.38999938964844,38.54999923706055,3023100.0,35.709686279296875
2013-01-18,38.790000915527344,37.9900016784668,38.58000183105469,38.7400016784668,1849000.0,35.88567352294922
2013-01-22,38.66999816894531,37.709999084472656,38.59000015258789,38.099998474121094,3081500.0,35.292842864990234
2013-01-23,38.400001525878906,37.779998779296875,37.95000076293945,37.88999938964844,2005800.0,35.09830856323242
2013-01-24,38.209999084472656,37.630001068115234,37.959999084472656,37.77000045776367,1734700.0,34.98715591430664
2013-01-25,38.75,37.720001220703125,37.97999954223633,38.5,2419000.0,35.663368225097656
2013-01-28,38.849998474121094,38.2599983215332,38.4900016784668,38.65999984741211,1443600.0,35.81157684326172
2013-01-29,39.650001525878906,38.619998931884766,38.75,39.41999816894531,2835300.0,36.51558303833008
2013-01-30,39.58000183105469,39.06999969482422,39.29999923706055,39.16999816894531,2702700.0,36.28400802612305
2013-01-31,39.25,28.3700008392334,39.15999984741211,32.36000061035156,38179200.0,29.975753784179688
2013-02-01,33.709999084472656,31.81999969482422,32.97999954223633,32.68000030517578,12075900.0,30.272178649902344
2013-02-04,32.31999969482422,31.450000762939453,32.16999816894531,31.549999237060547,6566500.0,29.225433349609375
2013-02-05,31.43000030517578,30.40999984741211,31.170000076293945,30.90999984741211,10272600.0,28.632585525512695
2013-02-06,31.549999237060547,30.68000030517578,30.809999465942383,31.3700008392334,5717100.0,29.05869483947754
2013-02-07,31.829999923706055,31.079999923706055,31.43000030517578,31.59000015258789,5234600.0,29.262483596801758
2013-02-08,32.41999816894531,31.610000610351562,31.6200008392334,31.850000381469727,4908500.0,29.503332138061523
2013-02-11,31.700000762939453,31.049999237060547,31.639999389648438,31.31999969482422,2966100.0,29.01237678527832
2013-02-12,31.709999084472656,31.139999389648438,31.299999237060547,31.489999771118164,3068000.0,29.16985511779785
2013-02-13,32.15999984741211,31.389999389648438,31.649999618530273,31.8799991607666,2996100.0,29.53112030029297
2013-02-14,44.18000030517578,40.04999923706055,40.79999923706055,43.75,50293100.0,40.526554107666016
2013-02-15,44.20000076293945,43.0099983215332,43.20000076293945,43.38999938964844,10441900.0,40.19307327270508
2013-02-19,43.709999084472656,42.86000061035156,43.29999923706055,43.279998779296875,5268700.0,40.09117126464844
2013-02-20,43.189998626708984,41.130001068115234,43.18000030517578,41.79999923706055,7536300.0,38.7202262878418
2013-02-21,43.43000030517578,42.040000915527344,43.16999816894531,42.959999084472656,10012600.0,39.79475402832031
2013-02-22,43.970001220703125,42.90999984741211,43.06999969482422,43.959999084472656,3032200.0,40.72108459472656
2013-02-25,44.9900016784668,43.2599983215332,44.130001068115234,43.970001220703125,5603100.0,40.7303466796875
2013-02-26,44.849998474121094,43.88999938964844,44.060001373291016,44.709999084472656,2286600.0,41.41582107543945
2013-02-27,44.91999816894531,44.400001525878906,44.54999923706055,44.650001525878906,2723700.0,41.360252380371094
2013-02-28,44.7400016784668,43.88999938964844,44.4900016784668,44.2400016784668,2554000.0,40.98044967651367
2013-03-01,44.33000183105469,43.61000061035156,44.13999938964844,43.84000015258789,2625100.0,40.60992431640625
2013-03-04,44.540000915527344,43.599998474121094,43.619998931884766,44.45000076293945,1725400.0,41.17498016357422
2013-03-05,45.0099983215332,44.0099983215332,45.0099983215332,44.13999938964844,2569900.0,40.8878173828125
2013-03-06,44.2400016784668,43.06999969482422,44.2400016784668,43.25,2900800.0,40.063392639160156
2013-03-07,44.099998474121094,43.2400016784668,43.25,44.04999923706055,2574300.0,40.804447174072266
2013-03-08,44.900001525878906,42.41999816894531,44.18000030517578,43.9900016784668,4453600.0,40.748870849609375
2013-03-11,43.91999816894531,43.380001068115234,43.630001068115234,43.470001220703125,2269900.0,40.26717758178711
2013-03-12,43.630001068115234,42.93000030517578,43.40999984741211,43.279998779296875,2402700.0,40.09117126464844
2013-03-13,44.0099983215332,43.31999969482422,43.31999969482422,43.88999938964844,1542600.0,40.6562385559082
2013-03-14,44.84000015258789,43.83000183105469,43.95000076293945,44.709999084472656,2231700.0,41.41582107543945
2013-03-15,45.91999816894531,44.400001525878906,44.54999923706055,45.75,4674700.0,42.379188537597656
2013-03-18,47.290000915527344,46.439998626708984,46.70000076293945,47.099998474121094,4071400.0,43.62973403930664
2013-03-19,47.349998474121094,46.54999923706055,47.119998931884766,47.20000076293945,2670900.0,43.722354888916016
2013-03-20,47.81999969482422,46.81999969482422,47.43000030517578,46.869998931884766,1879300.0,43.41666793823242
2013-03-21,47.27000045776367,46.2599983215332,46.58000183105469,46.2599983215332,1669200.0,42.85161590576172
2013-03-22,47.09000015258789,46.150001525878906,46.209999084472656,46.59000015258789,1380700.0,43.15729904174805
2013-03-25,46.880001068115234,46.119998931884766,46.7400016784668,46.790000915527344,1400300.0,43.342567443847656
2013-03-26,47.58000183105469,46.849998474121094,47.0099983215332,47.540000915527344,1244800.0,44.037315368652344
2013-03-27,47.47999954223633,46.880001068115234,47.16999816894531,47.40999984741211,809400.0,43.91688919067383
2013-03-28,47.66999816894531,47.119998931884766,47.540000915527344,47.63999938964844,1491500.0,44.12994384765625
2013-04-01,47.68000030517578,46.939998626708984,47.65999984741211,47.29999923706055,1017200.0,43.814998626708984
2013-04-02,49.220001220703125,47.33000183105469,47.47999954223633,48.790000915527344,2826200.0,45.19521713256836
2013-04-03,48.90999984741211,48.09000015258789,48.90999984741211,48.349998474121094,3605900.0,44.787635803222656
2013-04-04,48.880001068115234,47.779998779296875,48.209999084472656,48.25,2969500.0,44.69499206542969
2013-04-05,48.04999923706055,47.5099983215332,47.54999923706055,47.84000015258789,2980700.0,44.3151969909668
2013-04-08,49.22999954223633,48.20000076293945,49.060001373291016,48.56999969482422,3566900.0,44.99141311645508
2013-04-09,48.880001068115234,48.25,48.59000015258789,48.630001068115234,2619700.0,45.046993255615234
2013-04-10,49.150001525878906,48.20000076293945,48.5,48.77000045776367,4581900.0,45.176692962646484
2013-04-11,49.540000915527344,48.029998779296875,48.029998779296875,49.41999816894531,3179500.0,45.778785705566406
2013-04-12,49.540000915527344,48.77000045776367,48.9900016784668,49.189998626708984,2183600.0,45.56573486328125
2013-04-15,49.04999923706055,47.97999954223633,48.81999969482422,48.18000030517578,2857100.0,44.63015365600586
2013-04-16,48.90999984741211,47.709999084472656,48.56999969482422,48.11000061035156,3015200.0,44.565311431884766
2013-04-17,47.959999084472656,46.83000183105469,47.83000183105469,47.400001525878906,2972800.0,43.907630920410156
2013-04-18,47.560001373291016,46.869998931884766,47.47999954223633,47.34000015258789,1597200.0,43.8520393371582
2013-04-19,48.61000061035156,47.36000061035156,47.38999938964844,48.52000045776367,6404600.0,44.94510269165039
2013-04-22,48.59000015258789,47.63999938964844,48.34000015258789,47.790000915527344,2166300.0,44.268898010253906
2013-04-23,48.900001525878906,48.040000915527344,48.209999084472656,48.88999938964844,3918500.0,45.287837982177734
2013-04-24,48.86000061035156,47.779998779296875,48.66999816894531,48.040000915527344,2000500.0,44.5004768371582
2013-04-25,48.529998779296875,48.029998779296875,48.31999969482422,48.470001220703125,1851700.0,44.89879608154297
2013-04-26,48.31999969482422,47.66999816894531,48.2599983215332,47.790000915527344,1221000.0,44.268898010253906
2013-04-29,47.9900016784668,47.40999984741211,47.65999984741211,47.75,1158400.0,44.23183822631836
2013-04-30,49.36000061035156,47.38999938964844,47.54999923706055,49.349998474121094,4171100.0,45.71394729614258
2013-05-01,49.90999984741211,48.970001220703125,48.970001220703125,49.22999954223633,2803600.0,45.6027946472168
2013-05-02,49.93000030517578,49.2400016784668,49.25,49.90999984741211,2455800.0,46.23269271850586
2013-05-03,50.34000015258789,49.75,50.099998474121094,50.209999084472656,2068800.0,46.51058578491211
2013-05-06,50.34000015258789,49.54999923706055,50.09000015258789,50.22999954223633,1320800.0,46.52910614013672
2013-05-07,50.52000045776367,50.099998474121094,50.2599983215332,50.150001525878906,1673700.0,46.45500183105469
2013-05-08,50.310001373291016,49.849998474121094,50.189998626708984,49.900001525878906,1642400.0,46.22343826293945
2013-05-09,49.970001220703125,48.720001220703125,49.90999984741211,48.79999923706055,2055600.0,45.204463958740234
2013-05-10,49.439998626708984,48.68000030517578,48.97999954223633,49.349998474121094,1785900.0,45.71394729614258
2013-05-13,49.70000076293945,49.099998474121094,49.369998931884766,49.36000061035156,791100.0,45.72321701049805
2013-05-14,50.15999984741211,49.380001068115234,49.459999084472656,50.130001068115234,1426300.0,46.436485290527344
2013-05-15,50.59000015258789,49.65999984741211,49.88999938964844,50.2400016784668,1052400.0,46.53837585449219
2013-05-16,53.0,51.0099983215332,51.0099983215332,51.7599983215332,4418200.0,47.94637680053711
2013-05-17,52.27000045776367,51.31999969482422,51.84000015258789,52.209999084472656,1833800.0,48.363224029541016
2013-05-20,52.099998474121094,51.369998931884766,51.900001525878906,51.45000076293945,1243900.0,47.65922546386719
2013-05-21,52.2599983215332,51.25,51.45000076293945,51.88999938964844,1960800.0,48.066802978515625
2013-05-22,52.41999816894531,51.189998626708984,51.84000015258789,51.5,2075000.0,47.705535888671875
2013-05-23,51.939998626708984,50.83000183105469,51.150001525878906,51.880001068115234,1500500.0,48.057552337646484
2013-05-24,53.02000045776367,51.43000030517578,51.68000030517578,53.0,2189000.0,49.09502410888672
2013-05-28,54.20000076293945,53.08000183105469,53.47999954223633,53.470001220703125,2323100.0,49.530399322509766
2013-05-29,53.939998626708984,52.97999954223633,53.220001220703125,53.54999923706055,2620100.0,49.60450744628906
2013-05-30,54.63999938964844,53.560001373291016,53.650001525878906,54.36000061035156,2712600.0,50.354820251464844
2013-05-31,54.439998626708984,52.650001525878906,54.099998474121094,53.0099983215332,3360400.0,49.10428237915039
2013-06-03,53.5,52.029998779296875,53.209999084472656,53.40999984741211,2142300.0,49.47480773925781
2013-06-04,53.650001525878906,51.72999954223633,53.34000015258789,52.11000061035156,2862800.0,48.27059555053711
2013-06-05,53.27000045776367,51.56999969482422,51.880001068115234,51.95000076293945,3185200.0,48.12238693237305
2013-06-06,52.4900016784668,50.7400016784668,52.189998626708984,52.34000015258789,3234200.0,48.483646392822266
2013-06-07,53.4900016784668,52.59000015258789,52.59000015258789,53.34000015258789,2679600.0,49.409976959228516
2013-06-10,53.619998931884766,52.66999816894531,53.47999954223633,52.79999923706055,1377900.0,48.90975570678711
2013-06-11,52.880001068115234,51.83000183105469,52.2599983215332,52.15999984741211,1702100.0,48.31691360473633
2013-06-12,52.36000061035156,51.20000076293945,52.209999084472656,51.5099983215332,1771000.0,47.71479415893555
2013-06-13,52.11000061035156,51.09000015258789,51.5,52.0099983215332,1220900.0,48.177955627441406
2013-06-14,52.130001068115234,51.4900016784668,51.88999938964844,52.02000045776367,1018000.0,48.18721389770508
2013-06-17,52.72999954223633,51.88999938964844,52.36000061035156,52.349998474121094,1059000.0,48.49291229248047
2013-06-18,52.66999816894531,51.75,52.20000076293945,52.59000015258789,974100.0,48.715232849121094
2013-06-19,52.790000915527344,51.689998626708984,52.61000061035156,51.70000076293945,1007900.0,47.89079666137695
2013-06-20,51.310001373291016,50.11000061035156,51.29999923706055,50.380001068115234,2288400.0,46.66805648803711
2013-06-21,51.02000045776367,50.040000915527344,50.790000915527344,50.4900016784668,2048900.0,46.769954681396484
2013-06-24,50.77000045776367,49.09000015258789,50.0099983215332,50.33000183105469,1650600.0,46.62174606323242
2013-06-25,50.90999984741211,50.220001220703125,50.599998474121094,50.5099983215332,1194200.0,46.788482666015625
2013-06-26,51.79999923706055,50.75,50.849998474121094,51.38999938964844,1407200.0,47.60364532470703
2013-06-27,52.40999984741211,51.59000015258789,51.63999938964844,51.869998931884766,1032100.0,48.04827880859375
2013-06-28,52.310001373291016,51.41999816894531,51.709999084472656,52.119998931884766,3064700.0,48.27985763549805
2013-07-01,53.25,52.15999984741211,52.4900016784668,53.150001525878906,2817300.0,49.23397445678711
2013-07-02,53.75,50.15999984741211,52.439998626708984,51.25,8252600.0,47.473960876464844
2013-07-03,51.06999969482422,50.310001373291016,50.93000030517578,50.459999084472656,2662900.0,46.74216842651367
2013-07-05,50.93000030517578,50.220001220703125,50.790000915527344,50.59000015258789,1883200.0,46.86259841918945
2013-07-08,51.09000015258789,50.310001373291016,50.66999816894531,50.970001220703125,1687700.0,47.21459197998047
2013-07-09,51.4900016784668,50.810001373291016,51.22999954223633,51.2599983215332,1236900.0,47.483219146728516
2013-07-10,51.5,50.959999084472656,51.27000045776367,51.22999954223633,975000.0,47.4554328918457
2013-07-11,52.400001525878906,51.56999969482422,52.13999938964844,52.209999084472656,2143600.0,48.363224029541016
2013-07-12,52.47999954223633,51.93000030517578,52.13999938964844,52.310001373291016,767400.0,48.455867767333984
2013-07-15,52.5,52.02000045776367,52.43000030517578,52.25,1029300.0,48.4002799987793
2013-07-16,52.689998626708984,52.0099983215332,52.130001068115234,52.38999938964844,1705700.0,48.52996063232422
2013-07-17,52.5,51.650001525878906,52.5,51.84000015258789,2503200.0,48.020484924316406
2013-07-18,51.939998626708984,51.56999969482422,51.77000045776367,51.88999938964844,2158900.0,48.066802978515625
2013-07-19,52.06999969482422,51.29999923706055,52.02000045776367,52.02000045776367,2245200.0,48.18721389770508
2013-07-22,52.369998931884766,51.779998779296875,51.86000061035156,52.18000030517578,1297700.0,48.33543395996094
2013-07-23,52.33000183105469,51.459999084472656,52.33000183105469,51.5,1252700.0,47.705535888671875
2013-07-24,51.779998779296875,50.16999816894531,51.540000915527344,50.900001525878906,2251700.0,47.149749755859375
2013-07-25,50.630001068115234,49.31999969482422,50.630001068115234,50.0,3076200.0,46.31605529785156
2013-07-26,50.779998779296875,49.709999084472656,49.83000183105469,50.599998474121094,1503000.0,46.87185287475586
2013-07-29,51.29999923706055,50.5,50.61000061035156,51.11000061035156,1094400.0,47.34428405761719
2013-07-30,51.97999954223633,51.33000183105469,51.33000183105469,51.529998779296875,1424100.0,47.73332595825195
2013-07-31,52.52000045776367,51.630001068115234,51.72999954223633,52.09000015258789,1948100.0,48.25205993652344
2013-08-01,53.45000076293945,52.5,52.5,53.09000015258789,1598700.0,49.17838668823242
2013-08-02,53.720001220703125,52.95000076293945,53.13999938964844,53.41999816894531,982200.0,49.48408508300781
2013-08-05,54.029998779296875,53.29999923706055,53.29999923706055,54.02000045776367,1131100.0,50.03987503051758
2013-08-06,54.220001220703125,53.79999923706055,54.02000045776367,54.11000061035156,1601300.0,50.12323760986328
2013-08-07,54.209999084472656,53.880001068115234,54.040000915527344,53.970001220703125,1526700.0,49.99355697631836
2013-08-08,54.79999923706055,53.97999954223633,54.099998474121094,54.66999816894531,1108500.0,50.6419792175293
2013-08-09,54.7599983215332,54.18000030517578,54.5,54.2599983215332,1211200.0,50.262176513671875
2013-08-12,54.09000015258789,53.68000030517578,53.9900016784668,54.06999969482422,712900.0,50.08618927001953
2013-08-13,54.90999984741211,53.91999816894531,54.130001068115234,54.709999084472656,1260500.0,50.67903137207031
2013-08-14,54.7400016784668,54.38999938964844,54.70000076293945,54.43000030517578,1068500.0,50.41966247558594
2013-08-15,53.9900016784668,53.34000015258789,53.779998779296875,53.61000061035156,1303500.0,49.66007995605469
2013-08-16,54.040000915527344,53.16999816894531,53.41999816894531,53.939998626708984,1107500.0,49.96577072143555
2013-08-19,54.38999938964844,53.619998931884766,53.779998779296875,53.83000183105469,943300.0,49.86386489868164
2013-08-20,54.599998474121094,53.63999938964844,53.79999923706055,54.209999084472656,776900.0,50.215877532958984
2013-08-21,54.25,53.119998931884766,53.97999954223633,53.939998626708984,1429100.0,49.96577072143555
2013-08-22,55.27000045776367,53.939998626708984,53.939998626708984,55.18000030517578,1130800.0,51.11439514160156
2013-08-23,56.0,55.13999938964844,55.34000015258789,55.86000061035156,1824600.0,51.744300842285156
2013-08-26,55.900001525878906,55.58000183105469,55.900001525878906,55.689998626708984,1540100.0,51.586822509765625
2013-08-27,55.45000076293945,54.75,55.06999969482422,55.0,1061900.0,50.94766616821289
2013-08-28,54.849998474121094,54.22999954223633,54.619998931884766,54.59000015258789,1100600.0,50.5678825378418
2013-08-29,55.02000045776367,54.220001220703125,54.33000183105469,54.56999969482422,723000.0,50.549346923828125
2013-08-30,54.70000076293945,53.97999954223633,54.5,54.25,949900.0,50.25292205810547
2013-09-03,55.619998931884766,54.220001220703125,55.20000076293945,55.18000030517578,1885500.0,51.11439514160156
2013-09-04,56.220001220703125,54.93000030517578,55.130001068115234,56.0099983215332,2870900.0,51.88324737548828
2013-09-05,56.68000030517578,55.849998474121094,56.0,56.52000045776367,1977600.0,52.35567855834961
2013-09-06,58.20000076293945,56.959999084472656,57.560001373291016,57.68000030517578,3919800.0,53.43021011352539
2013-09-09,58.20000076293945,57.41999816894531,57.70000076293945,57.93000030517578,1278200.0,53.66178894042969
2013-09-10,58.31999969482422,57.70000076293945,58.18000030517578,58.2400016784668,1106100.0,53.94895553588867
2013-09-11,58.630001068115234,57.97999954223633,58.2400016784668,58.38999938964844,1221300.0,54.087894439697266
2013-09-12,58.529998779296875,58.0,58.41999816894531,58.040000915527344,1145000.0,53.76367950439453
2013-09-13,58.709999084472656,57.88999938964844,58.040000915527344,58.70000076293945,2550300.0,54.37504959106445
2013-09-16,59.63999938964844,58.75,59.45000076293945,58.81999969482422,1252500.0,54.4862174987793
2013-09-17,59.54999923706055,58.91999816894531,58.970001220703125,59.349998474121094,1904400.0,54.97716522216797
2013-09-18,59.810001373291016,58.900001525878906,59.29999923706055,59.66999816894531,1516800.0,55.273597717285156
2013-09-19,59.91999816894531,58.66999816894531,59.91999816894531,58.68000030517578,1342800.0,54.356536865234375
2013-09-20,58.72999954223633,57.06999969482422,58.52000045776367,57.2400016784668,3905200.0,53.02262878417969
2013-09-23,57.68000030517578,56.779998779296875,57.2599983215332,57.470001220703125,1425800.0,53.23568344116211
2013-09-24,58.08000183105469,57.06999969482422,57.5,57.400001525878906,1174000.0,53.17083740234375
2013-09-25,57.77000045776367,57.290000915527344,57.529998779296875,57.470001220703125,936000.0,53.23568344116211
2013-09-26,57.939998626708984,57.209999084472656,57.540000915527344,57.54999923706055,681300.0,53.30978775024414
2013-09-27,57.38999938964844,56.72999954223633,57.220001220703125,56.97999954223633,1044400.0,52.781776428222656
2013-09-30,57.439998626708984,56.4900016784668,56.65999984741211,57.400001525878906,1288500.0,53.17083740234375
2013-10-01,57.939998626708984,57.22999954223633,57.33000183105469,57.88999938964844,1536100.0,53.624725341796875
2013-10-02,58.2599983215332,57.09000015258789,57.720001220703125,58.2599983215332,1870900.0,53.967464447021484
2013-10-03,60.59000015258789,58.5,58.83000183105469,60.150001525878906,4622700.0,55.71821975708008
2013-10-04,62.150001525878906,60.06999969482422,60.150001525878906,61.970001220703125,4634600.0,57.40413284301758
2013-10-07,61.849998474121094,60.97999954223633,61.599998474121094,61.11000061035156,1684200.0,56.607486724853516
2013-10-08,61.18000030517578,59.599998474121094,61.11000061035156,59.84000015258789,2156700.0,55.431060791015625
2013-10-09,60.13999938964844,59.25,59.97999954223633,59.650001525878906,1440100.0,55.255062103271484
2013-10-10,60.97999954223633,59.810001373291016,60.220001220703125,60.95000076293945,1289900.0,56.45927047729492
2013-10-11,63.04999923706055,61.02000045776367,61.25,62.9900016784668,3482100.0,58.34897994995117
2013-10-14,63.439998626708984,62.29999923706055,62.540000915527344,63.18000030517578,1367600.0,58.524967193603516
2013-10-15,63.349998474121094,62.119998931884766,63.20000076293945,62.29999923706055,914000.0,57.70981979370117
2013-10-16,63.63999938964844,62.689998626708984,62.7400016784668,63.27000045776367,1125800.0,58.608341217041016
2013-10-17,64.06999969482422,62.7599983215332,62.970001220703125,63.88999938964844,1430800.0,59.18265914916992
2013-10-18,64.3499984741211,63.58000183105469,64.0999984741211,64.33000183105469,1319400.0,59.590232849121094
2013-10-21,64.58000183105469,63.93000030517578,64.47000122070312,64.41999816894531,934200.0,59.673606872558594
2013-10-22,64.94999694824219,64.11000061035156,64.62000274658203,64.41999816894531,1421400.0,59.673606872558594
2013-10-23,64.5199966430664,63.470001220703125,64.33000183105469,63.9900016784668,1167600.0,59.275291442871094
2013-10-24,64.41000366210938,63.689998626708984,64.11000061035156,63.849998474121094,2068100.0,59.14561462402344
2013-10-25,64.4000015258789,63.560001373291016,63.900001525878906,63.90999984741211,1347900.0,59.2011833190918
2013-10-28,65.16999816894531,63.75,64.0199966430664,65.01000213623047,1672600.0,60.22014617919922
2013-10-29,65.66999816894531,65.05000305175781,65.05000305175781,65.63999938964844,1470700.0,60.8037109375
2013-10-30,65.79000091552734,64.48999786376953,65.66999816894531,64.69000244140625,1093800.0,59.923709869384766
2013-10-31,65.41999816894531,64.48999786376953,64.58999633789062,65.30000305175781,2167000.0,60.48878479003906
2013-11-01,65.68000030517578,65.08999633789062,65.44999694824219,65.5999984741211,1610400.0,60.76666259765625
2013-11-04,65.9800033569336,65.25,65.68000030517578,65.77999877929688,963700.0,60.93339920043945
2013-11-05,66.16999816894531,65.2300033569336,65.44999694824219,66.06999969482422,1067200.0,61.202049255371094
2013-11-06,66.61000061035156,65.73999786376953,66.19999694824219,66.41000366210938,1207800.0,61.51698684692383
2013-11-07,66.69000244140625,65.48999786376953,66.62000274658203,65.6500015258789,1371000.0,60.81298065185547
2013-11-08,66.76000213623047,65.6500015258789,65.6500015258789,66.76000213623047,1428000.0,61.8411979675293
2013-11-11,66.97000122070312,66.55999755859375,66.69000244140625,66.69999694824219,605400.0,61.785606384277344
2013-11-12,67.08000183105469,66.27999877929688,66.54000091552734,67.04000091552734,1060100.0,62.10056686401367
2013-11-13,67.4000015258789,66.36000061035156,66.62000274658203,67.30000305175781,1233100.0,62.3414192199707
2013-11-14,68.1500015258789,67.5199966430664,67.5199966430664,68.06999969482422,1193400.0,63.0546760559082
2013-11-15,69.79000091552734,68.23999786376953,68.3499984741211,69.13999938964844,2760900.0,64.04583740234375
2013-11-18,69.44999694824219,68.94000244140625,69.2300033569336,69.2300033569336,1577400.0,64.12922668457031
2013-11-19,69.30999755859375,68.83000183105469,69.0,69.05999755859375,947700.0,63.97173309326172
2013-11-20,69.44999694824219,68.69999694824219,69.08999633789062,69.0199966430664,1141800.0,63.93467712402344
2013-11-21,69.5,68.91000366210938,69.02999877929688,69.3499984741211,705300.0,64.24034881591797
2013-11-22,70.4000015258789,69.20999908447266,69.43000030517578,70.36000061035156,862600.0,65.17595672607422
2013-11-25,70.9000015258789,69.01000213623047,70.44999694824219,69.1500015258789,1904700.0,64.05510711669922
2013-11-26,70.72000122070312,69.25,69.41000366210938,70.48999786376953,1668800.0,65.29635620117188
2013-11-27,71.18000030517578,70.22000122070312,70.47000122070312,70.98999786376953,636900.0,65.75955200195312
2013-11-29,71.0999984741211,70.2300033569336,71.0199966430664,70.41000366210938,280600.0,65.22225952148438
2013-12-02,71.02999877929688,70.2699966430664,70.66999816894531,70.72000122070312,720500.0,65.50941467285156
2013-12-03,71.22000122070312,70.3499984741211,70.47000122070312,71.19000244140625,848800.0,65.94480895996094
2013-12-04,71.44000244140625,70.30000305175781,70.77999877929688,71.27999877929688,1237700.0,66.02819061279297
2013-12-05,71.37000274658203,69.66000366210938,71.37000274658203,70.08000183105469,1513000.0,64.91658020019531
2013-12-06,71.06999969482422,70.44999694824219,70.4800033569336,70.6500015258789,1018100.0,65.44458770751953
2013-12-09,71.41999816894531,70.5999984741211,70.80999755859375,70.61000061035156,797100.0,65.40753173828125
2013-12-10,71.27999877929688,70.30999755859375,70.48999786376953,70.9800033569336,1397000.0,65.75027465820312
2013-12-11,71.62000274658203,69.87999725341797,71.22000122070312,70.08000183105469,1666600.0,64.91658020019531
2013-12-12,70.3499984741211,69.41000366210938,69.94000244140625,70.08999633789062,1107700.0,64.92584228515625
2013-12-13,70.47000122070312,69.0199966430664,70.23999786376953,69.31999969482422,1215600.0,64.21257781982422
2013-12-16,70.94000244140625,69.72000122070312,69.72000122070312,70.56999969482422,1153500.0,65.3704833984375
2013-12-17,70.76000213623047,69.81999969482422,70.56999969482422,70.16999816894531,720000.0,64.99994659423828
2013-12-18,70.56999969482422,68.16999816894531,70.41999816894531,69.87999725341797,2239800.0,64.73131561279297
2013-12-19,69.93000030517578,69.1500015258789,69.80000305175781,69.4800033569336,1386200.0,64.3608169555664
2013-12-20,70.16000366210938,69.16999816894531,69.56999969482422,69.69999694824219,1712800.0,64.5645751953125
2013-12-23,70.16000366210938,69.4000015258789,69.97000122070312,69.69000244140625,963500.0,64.5553207397461
2013-12-24,70.02999877929688,69.62000274658203,69.70999908447266,69.70999908447266,252100.0,64.57383728027344
2013-12-26,70.31999969482422,69.55000305175781,69.9800033569336,70.0999984741211,502600.0,64.93511962890625
2013-12-27,70.52999877929688,69.73999786376953,70.5,70.06999969482422,568800.0,64.90731811523438
2013-12-30,70.37000274658203,69.48999786376953,69.98999786376953,69.73999786376953,1278500.0,64.60163116455078
2013-12-31,70.58000183105469,69.83000183105469,70.0,70.37999725341797,907900.0,65.19448852539062
2014-01-02,70.22000122070312,68.83999633789062,70.0199966430664,69.23999786376953,1070500.0,64.13846588134766
2014-01-03,70.08999633789062,69.19999694824219,69.55000305175781,69.38999938964844,741700.0,64.27742004394531
2014-01-06,69.72000122070312,68.54000091552734,69.58999633789062,68.61000061035156,1401600.0,63.55488586425781
2014-01-07,70.43000030517578,68.77999877929688,69.0,69.93000030517578,1858400.0,64.77763366699219
2014-01-08,78.4000015258789,74.61000061035156,74.80999755859375,76.61000061035156,8367500.0,70.96546936035156
2014-01-09,78.05999755859375,76.62000274658203,76.94999694824219,77.44999694824219,2750100.0,71.74356842041016
2014-01-10,80.12999725341797,76.93000030517578,77.5999984741211,80.05000305175781,3211700.0,74.15201568603516
2014-01-13,81.51000213623047,79.80000305175781,80.19000244140625,80.05999755859375,2025400.0,74.16128540039062
2014-01-14,81.55999755859375,80.0,80.44999694824219,80.93000030517578,1534100.0,74.9671630859375
2014-01-15,81.25,80.0999984741211,80.98999786376953,80.7699966430664,1016000.0,74.81895446777344
2014-01-16,81.05000305175781,80.18000030517578,80.61000061035156,80.47000122070312,934100.0,74.54106903076172
2014-01-17,80.63999938964844,79.31999969482422,80.4800033569336,79.54000091552734,1580900.0,73.67960357666016
2014-01-21,81.01000213623047,79.31999969482422,80.95999908447266,79.36000061035156,1613900.0,73.51284790039062
2014-01-22,80.0,78.05999755859375,79.80999755859375,78.13999938964844,2113700.0,72.38274383544922
2014-01-23,78.48999786376953,77.18000030517578,78.01000213623047,77.23999786376953,2023100.0,71.54905700683594
2014-01-24,77.0199966430664,75.79000091552734,76.69999694824219,75.80000305175781,2093400.0,70.21514892578125
2014-01-27,76.83999633789062,75.44000244140625,76.01000213623047,75.7699966430664,1700400.0,70.1873550415039
2014-01-28,78.3499984741211,75.80999755859375,75.80999755859375,78.2300033569336,2251400.0,72.46612548828125
2014-01-29,78.31999969482422,76.69999694824219,77.44999694824219,77.81999969482422,1919100.0,72.08631134033203
2014-01-30,78.38999938964844,77.0,78.19000244140625,77.58999633789062,1449700.0,71.87326049804688
2014-01-31,77.08000183105469,75.33000183105469,76.04000091552734,76.66999816894531,1841500.0,71.02105712890625
2014-02-03,76.97000122070312,75.41000366210938,76.30000305175781,75.55999755859375,1597800.0,69.99282836914062
2014-02-04,76.83000183105469,75.55999755859375,75.69000244140625,76.4800033569336,1214600.0,70.84502410888672
2014-02-05,75.95999908447266,74.69000244140625,75.94000244140625,75.47000122070312,1454900.0,69.9094467163086
2014-02-06,77.69000244140625,75.61000061035156,75.7300033569336,77.58999633789062,1163300.0,71.87326049804688
2014-02-07,78.04000091552734,76.73999786376953,77.9800033569336,77.5,1239700.0,71.78988647460938
2014-02-10,77.88999938964844,76.29000091552734,77.83999633789062,77.06999969482422,1051300.0,71.3915786743164
2014-02-11,78.83000183105469,77.23999786376953,77.41999816894531,78.77999877929688,1322400.0,72.97559356689453
2014-02-12,79.43000030517578,78.4000015258789,78.76000213623047,79.0,1194200.0,73.17936706542969
2014-02-13,79.63999938964844,78.41000366210938,78.5999984741211,79.44000244140625,1562700.0,73.58694458007812
2014-02-14,80.22000122070312,78.91999816894531,79.63999938964844,79.37000274658203,1383900.0,73.52210998535156
2014-02-18,80.68000030517578,79.51000213623047,79.69999694824219,80.16999816894531,1242100.0,74.26317596435547
2014-02-19,80.94000244140625,79.70999908447266,80.1500015258789,80.0199966430664,1083500.0,74.12420654296875
2014-02-20,81.0,80.05999755859375,80.16999816894531,80.5999984741211,1016400.0,74.66145324707031
2014-02-21,81.0,79.97000122070312,80.62999725341797,80.3499984741211,1026300.0,74.4299087524414
2014-02-24,81.83000183105469,80.5199966430664,80.54000091552734,81.08000183105469,1070300.0,75.10613250732422
2014-02-25,82.54000091552734,81.0199966430664,81.08999633789062,82.06999969482422,1272300.0,76.02314758300781
2014-02-26,82.83999633789062,81.33999633789062,82.19999694824219,81.87999725341797,1283700.0,75.84718322753906
2014-02-27,82.01000213623047,81.18000030517578,81.94000244140625,81.38999938964844,911800.0,75.3932876586914
2014-02-28,82.20999908447266,80.66999816894531,81.58999633789062,81.02999877929688,1252000.0,75.05979919433594
2014-03-03,81.23999786376953,80.22000122070312,80.7699966430664,81.1500015258789,1751500.0,75.17097473144531
2014-03-04,82.73999786376953,81.68000030517578,81.69000244140625,82.51000213623047,1221200.0,76.43077850341797
2014-03-05,83.20999908447266,82.12000274658203,82.30999755859375,82.7300033569336,2195600.0,76.63455200195312
2014-03-06,83.91999816894531,82.66000366210938,82.95999908447266,83.8499984741211,1102300.0,77.67202758789062
2014-03-07,83.91999816894531,83.25,83.8499984741211,83.91000366210938,975300.0,77.72761535644531
2014-03-10,84.33000183105469,83.26000213623047,83.83999633789062,83.94999694824219,1112000.0,77.76465606689453
2014-03-11,84.19000244140625,82.33000183105469,84.13999938964844,82.54000091552734,986900.0,76.45854949951172
2014-03-12,83.41999816894531,81.73999786376953,82.08000183105469,83.11000061035156,899300.0,76.98652648925781
2014-03-13,83.4800033569336,81.91999816894531,83.36000061035156,82.2699966430664,985000.0,76.20841979980469
2014-03-14,83.51000213623047,82.06999969482422,82.06999969482422,82.5,1301800.0,76.42150115966797
2014-03-17,82.16000366210938,81.51000213623047,81.69000244140625,81.86000061035156,1000900.0,75.82866668701172
2014-03-18,83.01000213623047,81.79000091552734,82.11000061035156,82.7699966430664,1217100.0,76.6716079711914
2014-03-19,83.08999633789062,81.37000274658203,82.80000305175781,81.68000030517578,1228800.0,75.66191101074219
2014-03-20,82.69999694824219,80.8499984741211,81.58999633789062,82.47000122070312,884400.0,76.3936996459961
2014-03-21,84.22000122070312,82.66999816894531,83.02999877929688,83.05999755859375,2451100.0,76.94023132324219
2014-03-24,83.70999908447266,80.94999694824219,83.4800033569336,81.20999908447266,1311700.0,75.22654724121094
2014-03-25,82.98999786376953,81.80999755859375,82.0999984741211,82.43000030517578,1160700.0,76.35665893554688
2014-03-26,83.5199966430664,82.25,82.62000274658203,82.27999877929688,959500.0,76.21768188476562
2014-03-27,82.75,81.79000091552734,82.36000061035156,82.05999755859375,1175600.0,76.01392364501953
2014-03-28,83.5999984741211,82.19000244140625,82.3499984741211,83.20999908447266,970900.0,77.07918548583984
2014-03-31,85.19999694824219,83.45999908447266,83.80000305175781,84.97000122070312,1833700.0,78.70953369140625
2014-04-01,85.91000366210938,84.81999969482422,85.4000015258789,85.3499984741211,1603700.0,79.06153106689453
2014-04-02,85.58000183105469,84.62000274658203,85.5199966430664,84.9000015258789,1023000.0,78.64466094970703
2014-04-03,85.23999786376953,83.9800033569336,85.04000091552734,84.88999938964844,1197100.0,78.63539123535156
2014-04-04,85.55000305175781,83.61000061035156,85.16000366210938,84.33000183105469,1404600.0,78.11666870117188
2014-04-07,84.08999633789062,80.70999908447266,84.0,80.80000305175781,2121000.0,74.84674835205078
2014-04-08,81.8499984741211,80.61000061035156,81.12999725341797,81.4800033569336,2749700.0,75.47665405273438
2014-04-09,85.4000015258789,77.66000366210938,85.0,80.63999938964844,6799500.0,74.69851684570312
2014-04-10,81.98999786376953,79.30999755859375,80.77999877929688,80.11000061035156,2137800.0,74.20758056640625
2014-04-11,79.93000030517578,77.55999755859375,79.69999694824219,78.02999877929688,3041000.0,72.28084564208984
2014-04-14,78.9000015258789,77.0999984741211,78.9000015258789,78.0,1496900.0,72.25305938720703
2014-04-15,78.1500015258789,76.26000213623047,78.05000305175781,77.97000122070312,1651300.0,72.22527313232422
2014-04-16,79.76000213623047,78.22000122070312,78.47000122070312,79.75,1535000.0,73.87411499023438
2014-04-17,81.0,78.70999908447266,79.43000030517578,80.77999877929688,1788200.0,74.8282241821289
2014-04-21,81.06999969482422,79.69999694824219,79.86000061035156,81.01000213623047,1255300.0,75.04127502441406
2014-04-22,81.56999969482422,80.1500015258789,80.95999908447266,80.88999938964844,1260200.0,74.93011474609375
2014-04-23,81.08000183105469,80.2300033569336,80.86000061035156,80.25,817200.0,74.33727264404297
2014-04-24,80.61000061035156,79.26000213623047,80.52999877929688,79.45999908447266,974200.0,73.60546875
2014-04-25,80.26000213623047,78.44999694824219,79.41000366210938,79.04000091552734,1256700.0,73.21643829345703
2014-04-28,80.0999984741211,78.79000091552734,79.33000183105469,79.61000061035156,1084900.0,73.74443054199219
2014-04-29,81.11000061035156,79.62999725341797,79.87999725341797,79.75,1053800.0,73.87411499023438
2014-04-30,79.91999816894531,78.62999725341797,79.44000244140625,79.83999633789062,1317700.0,73.95748138427734
2014-05-01,81.44999694824219,79.4800033569336,79.9000015258789,81.26000213623047,1041900.0,75.27284240722656
2014-05-02,81.3499984741211,80.16999816894531,81.0999984741211,81.12999725341797,1153700.0,75.15245056152344
2014-05-05,82.16999816894531,80.55000305175781,80.63999938964844,81.81999969482422,923100.0,75.7916030883789
2014-05-06,81.83999633789062,80.55000305175781,81.5,80.66000366210938,1115800.0,74.71705627441406
2014-05-07,81.06999969482422,78.43000030517578,81.06999969482422,79.12000274658203,1437300.0,73.29053497314453
2014-05-08,80.36000061035156,78.88999938964844,79.04000091552734,79.2699966430664,1008700.0,73.42948150634766
2014-05-09,79.58999633789062,78.54000091552734,79.26000213623047,79.31999969482422,1165300.0,73.4758071899414
2014-05-12,80.61000061035156,79.7300033569336,79.81999969482422,80.12999725341797,962300.0,74.22611999511719
2014-05-13,81.18000030517578,80.18000030517578,80.22000122070312,80.8499984741211,633000.0,74.8930435180664
2014-05-14,81.20999908447266,79.7699966430664,80.86000061035156,79.86000061035156,761500.0,73.97602844238281
2014-05-15,80.0999984741211,78.48999786376953,79.80999755859375,79.86000061035156,1288400.0,73.97602844238281
2014-05-16,83.19000244140625,80.06999969482422,80.06999969482422,82.94999694824219,2264900.0,76.83834838867188
2014-05-19,83.51000213623047,82.44000244140625,82.75,82.66999816894531,1124600.0,76.5789566040039
2014-05-20,82.80999755859375,81.66999816894531,82.5,81.87000274658203,661900.0,75.83792877197266
2014-05-21,82.70999908447266,81.80999755859375,82.04000091552734,82.56999969482422,695600.0,76.486328125
2014-05-22,83.20999908447266,82.51000213623047,82.6500015258789,82.83000183105469,574500.0,76.72718048095703
2014-05-23,82.98999786376953,82.12999725341797,82.76000213623047,82.51000213623047,760300.0,76.43077850341797
2014-05-27,83.91999816894531,83.08000183105469,83.13999938964844,83.44999694824219,1189400.0,77.30147552490234
2014-05-28,83.98999786376953,82.66000366210938,83.51000213623047,83.1500015258789,1201100.0,77.02360534667969
2014-05-29,84.0999984741211,83.18000030517578,83.20999908447266,83.77999877929688,797400.0,77.6072006225586
2014-05-30,84.31999969482422,83.66000366210938,83.66000366210938,84.12999725341797,1045400.0,77.93141174316406
2014-06-02,84.06999969482422,83.16000366210938,83.80999755859375,83.94000244140625,831600.0,77.75540161132812
2014-06-03,84.4800033569336,83.69999694824219,83.73999786376953,83.98999786376953,797900.0,77.80170440673828
2014-06-04,84.4800033569336,83.7300033569336,83.9800033569336,83.98999786376953,602800.0,77.80170440673828
2014-06-05,84.30999755859375,83.4000015258789,84.05000305175781,83.5199966430664,632800.0,77.3663558959961
2014-06-06,83.66999816894531,82.91000366210938,83.5999984741211,82.98999786376953,1291800.0,76.87538146972656
2014-06-09,83.41000366210938,82.27999877929688,82.93000030517578,82.61000061035156,1494000.0,76.52338409423828
2014-06-10,83.06999969482422,82.19000244140625,82.19000244140625,82.94999694824219,1398000.0,76.83834838867188
2014-06-11,83.62999725341797,82.33999633789062,82.5199966430664,83.37999725341797,933000.0,77.23666381835938
2014-06-12,84.26000213623047,82.47000122070312,83.3499984741211,82.79000091552734,866800.0,76.69013977050781
2014-06-13,83.16999816894531,82.29000091552734,82.63999938964844,82.58000183105469,603900.0,76.49560546875
2014-06-16,83.62999725341797,82.41999816894531,82.58000183105469,83.38999938964844,1145600.0,77.24591827392578
2014-06-17,84.11000061035156,82.86000061035156,83.37999725341797,83.87000274658203,906400.0,77.69058227539062
2014-06-18,85.98999786376953,83.79000091552734,83.97000122070312,85.95999908447266,1538100.0,79.62657928466797
2014-06-19,87.58999633789062,86.36000061035156,86.61000061035156,86.52999877929688,1775200.0,80.15457153320312
2014-06-20,87.63999938964844,86.69999694824219,86.83999633789062,87.4800033569336,1893200.0,81.03457641601562
2014-06-23,88.5,87.25,87.86000061035156,88.0999984741211,1599600.0,81.60889434814453
2014-06-24,88.30999755859375,87.20999908447266,87.79000091552734,88.05000305175781,1322600.0,81.56258392333984
2014-06-25,88.5999984741211,87.30000305175781,87.75,88.55000305175781,1578600.0,82.02574157714844
2014-06-26,88.5,87.0,88.41999816894531,88.0999984741211,1388400.0,81.60889434814453
2014-06-27,88.48999786376953,87.22000122070312,87.83999633789062,87.9800033569336,971700.0,81.49774169921875
2014-06-30,88.56999969482422,87.88999938964844,88.37000274658203,88.12999725341797,1651000.0,81.6366958618164
2014-07-01,88.94000244140625,87.76000213623047,88.2699966430664,88.37999725341797,1970600.0,81.86827087402344
2014-07-02,94.7699966430664,89.47000122070312,94.52999877929688,90.44999694824219,5699700.0,83.78575134277344
2014-07-03,91.58999633789062,90.5,91.0999984741211,91.1500015258789,1998500.0,84.43416595458984
2014-07-07,91.0999984741211,90.31999969482422,91.01000213623047,90.75,1363300.0,84.06365203857422
2014-07-08,90.83000183105469,89.69000244140625,90.83000183105469,90.2699966430664,1539600.0,83.61901092529297
2014-07-09,90.55000305175781,89.83999633789062,90.38999938964844,90.12000274658203,1183500.0,83.48005676269531
2014-07-10,90.29000091552734,88.80000305175781,88.91999816894531,89.91999816894531,1391700.0,83.29481506347656
2014-07-11,90.31999969482422,89.12999725341797,90.08999633789062,89.47000122070312,856400.0,82.8779525756836
2014-07-14,90.11000061035156,89.56999969482422,89.94999694824219,89.9000015258789,891700.0,83.27628326416016
2014-07-15,90.1500015258789,88.5,89.7699966430664,88.61000061035156,1456100.0,82.08134460449219
2014-07-16,88.88999938964844,86.05000305175781,88.77999877929688,87.23999786376953,2676400.0,80.81224822998047
2014-07-17,87.23999786376953,86.12999725341797,86.94999694824219,86.20999908447266,999200.0,79.85814666748047
2014-07-18,87.80999755859375,86.26000213623047,86.43000030517578,87.56999969482422,943800.0,81.1179428100586
2014-07-21,87.5199966430664,86.69000244140625,87.12999725341797,87.18000030517578,704300.0,80.75668334960938
2014-07-22,88.04000091552734,87.33999633789062,87.37000274658203,87.56999969482422,664200.0,81.1179428100586
2014-07-23,88.02999877929688,87.08999633789062,87.86000061035156,87.12999725341797,700100.0,80.71038055419922
2014-07-24,87.41000366210938,86.48999786376953,87.2699966430664,87.25,948800.0,80.82152557373047
2014-07-25,87.04000091552734,86.08000183105469,86.94999694824219,86.55999755859375,625100.0,80.18234252929688
2014-07-28,86.52999877929688,85.19000244140625,86.5199966430664,86.06999969482422,858900.0,79.72846221923828
2014-07-29,87.0999984741211,86.12000274658203,86.22000122070312,86.13999938964844,842100.0,79.79330444335938
2014-07-30,86.55999755859375,84.5999984741211,86.19999694824219,84.63999938964844,1206800.0,78.40382385253906
2014-07-31,84.4800033569336,82.97000122070312,84.30000305175781,83.26000213623047,1472600.0,77.12549591064453
2014-08-01,84.08999633789062,82.02999877929688,82.87000274658203,83.58999633789062,1262100.0,77.43119812011719
2014-08-04,84.0199966430664,82.62000274658203,83.5,83.87999725341797,1069500.0,77.6998291015625
2014-08-05,84.08000183105469,83.0,83.5999984741211,83.19000244140625,741300.0,77.06066131591797
2014-08-06,84.33000183105469,82.66000366210938,82.87000274658203,83.93000030517578,1060900.0,77.74613952636719
2014-08-07,84.33000183105469,83.06999969482422,84.0999984741211,83.30999755859375,589400.0,77.17181396484375
2014-08-08,84.44999694824219,82.93000030517578,83.18000030517578,84.38999938964844,578500.0,78.17223358154297
2014-08-11,85.2699966430664,84.05999755859375,84.55000305175781,85.05000305175781,833200.0,78.78363037109375
2014-08-12,85.88999938964844,84.8499984741211,84.9800033569336,85.7300033569336,899900.0,79.41350555419922
2014-08-13,86.22000122070312,85.36000061035156,85.95999908447266,85.87999725341797,793100.0,79.5524673461914
2014-08-14,85.91999816894531,85.06999969482422,85.58000183105469,85.56999969482422,507000.0,79.26530456542969
2014-08-15,87.72000122070312,85.81999969482422,86.22000122070312,87.47000122070312,1114100.0,81.02530670166016
2014-08-18,87.80000305175781,86.80000305175781,87.68000030517578,87.0,782100.0,80.58995056152344
2014-08-19,88.16999816894531,87.08000183105469,87.25,87.94999694824219,743400.0,81.46995544433594
2014-08-20,88.0,87.33000183105469,87.66000366210938,87.62999725341797,532300.0,81.17352294921875
2014-08-21,87.9000015258789,87.3499984741211,87.87999725341797,87.45999908447266,502200.0,81.01605987548828
2014-08-22,87.5199966430664,86.77999877929688,87.25,87.2300033569336,495600.0,80.80300903320312
2014-08-25,87.29000091552734,85.8499984741211,87.25,87.23999786376953,1059600.0,80.81224822998047
2014-08-26,87.83999633789062,87.0,87.47000122070312,87.2300033569336,504500.0,80.80300903320312
2014-08-27,87.7300033569336,87.12000274658203,87.47000122070312,87.29000091552734,420600.0,80.85857391357422
2014-08-28,87.30000305175781,86.66999816894531,87.19999694824219,87.08000183105469,441500.0,80.66405487060547
2014-08-29,87.19000244140625,86.16000366210938,87.04000091552734,87.08999633789062,531500.0,80.67330932617188
2014-09-02,88.5,87.12999725341797,87.29000091552734,87.80000305175781,1072600.0,81.33099365234375
2014-09-03,88.31999969482422,86.83999633789062,88.04000091552734,86.8499984741211,1109700.0,80.45098876953125
2014-09-04,87.4800033569336,86.43000030517578,86.7300033569336,87.06999969482422,1035400.0,80.65478515625
2014-09-05,86.9000015258789,86.0199966430664,86.58000183105469,86.87999725341797,876600.0,80.47876739501953
2014-09-08,86.86000061035156,85.80999755859375,86.47000122070312,86.41000366210938,873000.0,80.04342651367188
2014-09-09,86.41000366210938,84.94999694824219,86.2699966430664,85.16000366210938,1098400.0,78.88550567626953
2014-09-10,86.30000305175781,84.80000305175781,85.26000213623047,86.19000244140625,592700.0,79.83960723876953
2014-09-11,86.4800033569336,85.5,86.04000091552734,86.41000366210938,748700.0,80.04342651367188
2014-09-12,86.6500015258789,85.76000213623047,86.33000183105469,85.9000015258789,447200.0,79.57099151611328
2014-09-15,87.1500015258789,86.0,86.36000061035156,86.94999694824219,1141300.0,80.54361724853516
2014-09-16,87.48999786376953,86.27999877929688,86.69000244140625,87.13999938964844,1357400.0,80.71964263916016
2014-09-17,87.62999725341797,86.73999786376953,86.88999938964844,87.1500015258789,719900.0,80.7288818359375
2014-09-18,87.87999725341797,87.1500015258789,87.55000305175781,87.77999877929688,458600.0,81.3124771118164
2014-09-19,88.30999755859375,87.43000030517578,88.11000061035156,87.9800033569336,1037200.0,81.49774169921875
2014-09-22,88.43000030517578,87.19000244140625,87.52999877929688,87.4000015258789,670400.0,80.96047973632812
2014-09-23,87.38999938964844,86.11000061035156,87.0,86.41000366210938,790800.0,80.04342651367188
2014-09-24,88.30000305175781,86.0999984741211,86.19999694824219,87.95999908447266,1284000.0,81.47924041748047
2014-09-25,88.08000183105469,86.76000213623047,87.69999694824219,86.76000213623047,853200.0,80.36764526367188
2014-09-26,87.04000091552734,85.91000366210938,86.73999786376953,86.5,1358800.0,80.12678527832031
2014-09-29,86.55000305175781,85.5,85.80999755859375,86.3499984741211,1044600.0,79.98784637451172
2014-09-30,87.37000274658203,85.41000366210938,86.45999908447266,87.16000366210938,1232300.0,80.73816680908203
2014-10-01,86.83000183105469,84.22000122070312,86.66000366210938,85.26000213623047,2693900.0,78.97813415527344
2014-10-02,85.93000030517578,82.33999633789062,83.80999755859375,84.4000015258789,5602300.0,78.1815185546875
2014-10-03,87.02999877929688,84.79000091552734,84.83000183105469,86.91000366210938,2147300.0,80.506591796875
2014-10-06,87.37999725341797,85.7699966430664,87.25,86.37999725341797,1821600.0,80.01560974121094
2014-10-07,86.58999633789062,85.0199966430664,86.2699966430664,85.0199966430664,1201800.0,78.7558364868164
2014-10-08,87.81999969482422,85.12999725341797,85.29000091552734,87.69999694824219,2176700.0,81.23834991455078
2014-10-09,87.7300033569336,86.29000091552734,87.27999877929688,86.37999725341797,2745300.0,80.01560974121094
2014-10-10,86.83000183105469,85.37000274658203,86.4800033569336,85.83000183105469,2155700.0,79.50615692138672
2014-10-13,85.77999877929688,84.19000244140625,85.63999938964844,84.23999786376953,1204500.0,78.03329467773438
2014-10-14,84.8499984741211,83.73999786376953,84.41000366210938,84.36000061035156,1037300.0,78.14445495605469
2014-10-15,84.16000366210938,80.80000305175781,83.02999877929688,83.05000305175781,2328300.0,76.93096160888672
2014-10-16,82.86000061035156,80.69999694824219,81.52999877929688,82.08000183105469,1972600.0,76.03244018554688
2014-10-17,84.43000030517578,82.6500015258789,82.94999694824219,84.05000305175781,1475800.0,77.85729217529297
2014-10-20,85.16000366210938,84.08000183105469,84.62000274658203,85.06999969482422,1149100.0,78.80213928222656
2014-10-21,86.66000366210938,84.9000015258789,85.16000366210938,86.66000366210938,1304400.0,80.27499389648438
2014-10-22,87.38999938964844,86.54000091552734,86.76000213623047,86.91000366210938,1000100.0,80.506591796875
2014-10-23,87.94999694824219,86.94999694824219,87.4000015258789,87.19999694824219,1055900.0,80.77520751953125
2014-10-24,88.37999725341797,87.11000061035156,87.33999633789062,88.27999877929688,936600.0,81.775634765625
2014-10-27,89.4000015258789,88.12999725341797,88.25,88.29000091552734,1133100.0,81.784912109375
2014-10-28,90.11000061035156,88.44000244140625,88.44000244140625,89.8499984741211,1321800.0,83.22996520996094
2014-10-29,90.7699966430664,88.54000091552734,90.05999755859375,89.16999816894531,1239200.0,82.60005187988281
2014-10-30,89.62000274658203,88.75,89.05999755859375,89.41000366210938,596100.0,82.82239532470703
2014-10-31,91.5999984741211,90.0999984741211,90.52999877929688,91.54000091552734,1225900.0,84.7954330444336
2014-11-03,92.5999984741211,91.62000274658203,91.62000274658203,91.94000244140625,1042500.0,85.16596984863281
2014-11-04,92.7300033569336,91.83999633789062,91.97000122070312,92.3499984741211,984200.0,85.54576873779297
2014-11-05,93.41999816894531,92.06999969482422,92.81999969482422,92.5999984741211,727900.0,85.77733612060547
2014-11-06,93.56999969482422,92.3499984741211,92.44999694824219,93.52999877929688,778300.0,86.6388168334961
2014-11-07,93.69000244140625,93.05000305175781,93.52999877929688,93.55999755859375,868500.0,86.6666030883789
2014-11-10,93.88999938964844,92.91999816894531,93.48999786376953,93.87000274658203,725000.0,86.95376586914062
2014-11-11,94.62000274658203,93.4000015258789,93.87000274658203,93.83999633789062,693500.0,86.92597198486328
2014-11-12,95.08999633789062,92.91999816894531,93.36000061035156,94.0199966430664,1456100.0,87.09272003173828
2014-11-13,94.69000244140625,92.87000274658203,94.19999694824219,93.37000274658203,950400.0,86.49061584472656
2014-11-14,93.27999877929688,92.38999938964844,93.12999725341797,92.87999725341797,822700.0,86.03671264648438
2014-11-17,94.27999877929688,92.5,92.5,94.26000213623047,623400.0,87.31504821777344
2014-11-18,94.26000213623047,93.37999725341797,94.26000213623047,93.77999877929688,904200.0,86.87037658691406
2014-11-19,94.33999633789062,93.4800033569336,93.88999938964844,94.30000305175781,734100.0,87.35208892822266
2014-11-20,94.41999816894531,93.41999816894531,93.87999725341797,93.87999725341797,702400.0,86.96302032470703
2014-11-21,95.22000122070312,93.68000030517578,94.87000274658203,93.76000213623047,1252500.0,86.85186004638672
2014-11-24,94.83999633789062,93.9800033569336,94.18000030517578,94.2300033569336,893500.0,87.28724670410156
2014-11-25,94.66999816894531,93.19999694824219,94.12999725341797,94.12999725341797,1149100.0,87.19461059570312
2014-11-26,94.80999755859375,93.72000122070312,94.26000213623047,94.76000213623047,680800.0,87.77819061279297
2014-11-28,96.5999984741211,95.16999816894531,95.20999908447266,96.4000015258789,456100.0,89.29735565185547
2014-12-01,96.19999694824219,94.69999694824219,95.81999969482422,94.7300033569336,923600.0,87.75041961669922
2014-12-02,95.1500015258789,94.25,94.93000030517578,94.5199966430664,847000.0,87.55586242675781
2014-12-03,94.72000122070312,92.95999908447266,94.26000213623047,93.7300033569336,972800.0,86.82408905029297
2014-12-04,94.52999877929688,93.69000244140625,94.01000213623047,94.18000030517578,655700.0,87.24092864990234
2014-12-05,95.22000122070312,93.87999725341797,94.25,95.08999633789062,708000.0,88.0838851928711
2014-12-08,95.2300033569336,94.23999786376953,94.94999694824219,94.69000244140625,730900.0,87.71337127685547
2014-12-09,94.12999725341797,92.51000213623047,93.61000061035156,93.44999694824219,997900.0,86.56470489501953
2014-12-10,93.7699966430664,92.30999755859375,93.51000213623047,92.45999908447266,969200.0,85.64765167236328
2014-12-11,93.62000274658203,92.18000030517578,92.56999969482422,92.45999908447266,683800.0,85.64765167236328
2014-12-12,92.6500015258789,90.75,91.66000366210938,90.77999877929688,882300.0,84.09143829345703
2014-12-15,92.51000213623047,89.5999984741211,91.3499984741211,90.37999725341797,1127400.0,83.72089385986328
2014-12-16,91.75,89.4800033569336,89.62000274658203,89.69999694824219,1008800.0,83.09100341796875
2014-12-17,93.54000091552734,89.33999633789062,89.77999877929688,93.16000366210938,1568800.0,86.29609680175781
2014-12-18,95.41000366210938,93.88999938964844,94.27999877929688,95.41000366210938,1221300.0,88.38031005859375
2014-12-19,95.80999755859375,94.58999633789062,95.62000274658203,94.80000305175781,1633400.0,87.81526184082031
2014-12-22,96.9000015258789,95.41999816894531,95.41999816894531,96.9000015258789,1001300.0,89.76053619384766
2014-12-23,99.26000213623047,96.81999969482422,97.5,99.13999938964844,1774700.0,91.83547973632812
2014-12-24,100.7699966430664,99.37000274658203,99.37000274658203,100.08999633789062,746200.0,92.71548461914062
2014-12-26,100.63999938964844,99.30999755859375,100.05999755859375,99.94000244140625,662700.0,92.5765380859375
2014-12-29,99.83000183105469,98.77999877929688,99.62000274658203,99.22000122070312,878500.0,91.90959930419922
2014-12-30,99.43000030517578,98.37999725341797,99.08000183105469,98.83999633789062,909000.0,91.55757141113281
2014-12-31,99.25,98.0999984741211,99.19000244140625,98.16999816894531,1041600.0,90.93696594238281
2015-01-02,98.86000061035156,96.52999877929688,98.16999816894531,97.5,1991700.0,90.31629943847656
2015-01-05,100.25,96.58999633789062,97.37999725341797,99.81999969482422,2422300.0,92.46538543701172
2015-01-06,105.3499984741211,99.22000122070312,102.20999908447266,100.45999908447266,3278800.0,93.05821228027344
2015-01-07,103.77999877929688,100.86000061035156,101.05999755859375,103.05000305175781,2156500.0,95.4573974609375
2015-01-08,109.23999786376953,106.58999633789062,108.33999633789062,107.63999938964844,3613700.0,99.7092056274414
2015-01-09,107.73999786376953,106.44999694824219,106.93000030517578,107.33999633789062,1559700.0,99.43132781982422
2015-01-12,108.5199966430664,106.52999877929688,107.38999938964844,106.97000122070312,1249900.0,99.08856964111328
2015-01-13,108.56999969482422,105.30000305175781,107.62000274658203,106.30000305175781,1623300.0,98.46794891357422
2015-01-14,108.48999786376953,105.20999908447266,105.80000305175781,108.43000030517578,2006700.0,100.44100189208984
2015-01-15,109.37999725341797,107.69999694824219,109.36000061035156,108.18000030517578,1056000.0,100.20940399169922
2015-01-16,111.7300033569336,108.16000366210938,108.16999816894531,111.5999984741211,2052200.0,103.37744140625
2015-01-20,112.0,110.5199966430664,112.0,111.0,1289300.0,102.82164001464844
2015-01-21,111.25,109.91000366210938,110.77999877929688,110.52999877929688,2221200.0,102.38626098632812
2015-01-22,111.5,109.5999984741211,111.19000244140625,111.4000015258789,2453900.0,103.19217681884766
2015-01-23,111.20999908447266,110.13999938964844,111.0,110.61000061035156,858200.0,102.46036529541016
2015-01-26,111.86000061035156,109.9000015258789,110.4000015258789,111.72000122070312,921500.0,103.48860168457031
2015-01-27,111.76000213623047,110.18000030517578,110.66999816894531,111.29000091552734,707000.0,103.09029388427734
2015-01-28,112.38999938964844,110.19000244140625,111.44999694824219,110.29000091552734,772900.0,102.16397857666016
2015-01-29,111.87000274658203,110.1500015258789,110.79000091552734,111.77999877929688,1170100.0,103.54417419433594
2015-01-30,111.48999786376953,110.0,110.94000244140625,110.44999694824219,1058200.0,102.31217193603516
2015-02-02,111.36000061035156,109.47000122070312,110.44999694824219,111.30000305175781,844600.0,103.09955596923828
2015-02-03,111.80000305175781,110.23999786376953,111.66999816894531,111.31999969482422,1039300.0,103.11807250976562
2015-02-04,113.11000061035156,110.75,111.12000274658203,112.05999755859375,1355600.0,103.80354309082031
2015-02-05,112.95999908447266,112.0,112.5,112.66000366210938,810800.0,104.35935974121094
2015-02-06,113.58999633789062,111.5,112.33000183105469,112.91000366210938,1124900.0,104.5909423828125
2015-02-09,112.5999984741211,111.48999786376953,112.11000061035156,111.86000061035156,946800.0,103.61827850341797
2015-02-10,113.73999786376953,112.26000213623047,112.37999725341797,113.4000015258789,870100.0,105.04483032226562
2015-02-11,114.19000244140625,112.06999969482422,113.44999694824219,113.52999877929688,826300.0,105.16523742675781
2015-02-12,114.44999694824219,112.88999938964844,113.56999969482422,113.51000213623047,966500.0,105.146728515625
2015-02-13,113.4800033569336,112.19999694824219,113.30000305175781,113.02999877929688,683000.0,104.70209503173828
2015-02-17,114.3499984741211,112.51000213623047,113.0199966430664,114.12999725341797,731500.0,105.72103881835938
2015-02-18,114.80999755859375,113.29000091552734,113.72000122070312,114.68000030517578,640500.0,106.23051452636719
2015-02-19,115.01000213623047,114.23999786376953,114.66000366210938,114.77999877929688,583200.0,106.32315063476562
2015-02-20,115.9800033569336,113.80999755859375,114.69999694824219,115.75,1010600.0,107.2216796875
2015-02-23,115.7699966430664,114.80999755859375,115.25,114.94999694824219,860400.0,106.4805908203125
2015-02-24,116.2300033569336,115.0199966430664,115.1500015258789,115.70999908447266,1150500.0,107.18462371826172
2015-02-25,116.05000305175781,113.58999633789062,115.94999694824219,114.13999938964844,1154500.0,105.73029327392578
2015-02-26,115.94999694824219,114.05000305175781,114.13999938964844,115.77999877929688,614900.0,107.24945068359375
2015-02-27,116.29000091552734,114.41000366210938,116.05000305175781,114.72000122070312,718500.0,106.267578125
2015-03-02,115.98999786376953,114.08000183105469,114.43000030517578,115.9800033569336,667500.0,107.43473815917969
2015-03-03,115.95999908447266,114.69000244140625,115.8499984741211,115.1500015258789,740100.0,106.6658706665039
2015-03-04,115.36000061035156,114.37000274658203,115.06999969482422,114.43000030517578,512600.0,105.99893951416016
2015-03-05,115.06999969482422,113.4000015258789,114.56999969482422,113.81999969482422,571800.0,105.43389129638672
2015-03-06,112.73999786376953,110.44999694824219,112.55000305175781,110.91000366210938,1154100.0,102.73829650878906
2015-03-09,115.36000061035156,111.54000091552734,111.8499984741211,115.2300033569336,1607500.0,106.73998260498047
2015-03-10,115.1500015258789,113.55000305175781,114.06999969482422,114.55999755859375,1146400.0,106.11936950683594
2015-03-11,116.19000244140625,114.16999816894531,114.58999633789062,115.61000061035156,1043900.0,107.09199523925781
2015-03-12,118.1500015258789,115.72000122070312,115.98999786376953,117.98999786376953,1285700.0,109.296630859375
2015-03-13,117.98999786376953,115.8499984741211,117.76000213623047,116.44000244140625,917200.0,107.86083221435547
2015-03-16,118.5,116.2300033569336,116.48999786376953,117.37999725341797,1271200.0,108.73157501220703
2015-03-17,117.30000305175781,114.77999877929688,116.62999725341797,115.48999786376953,773800.0,106.9808349609375
2015-03-18,117.87999725341797,114.5999984741211,115.41999816894531,117.23999786376953,1391200.0,108.60186767578125
2015-03-19,117.01000213623047,115.54000091552734,117.0,116.04000091552734,622700.0,107.49029541015625
2015-03-20,118.4000015258789,116.01000213623047,116.23999786376953,118.25,1531800.0,109.5374984741211
2015-03-23,118.19000244140625,116.97000122070312,118.05000305175781,117.0,691100.0,108.37958526611328
2015-03-24,118.43000030517578,116.5999984741211,117.05000305175781,117.87000274658203,912900.0,109.18548583984375
2015-03-25,118.45999908447266,115.08999633789062,118.37999725341797,115.4000015258789,1003400.0,106.89745330810547
2015-03-26,115.73999786376953,114.08000183105469,114.80999755859375,114.80999755859375,631000.0,106.35091400146484
2015-03-27,115.19999694824219,114.25,114.73999786376953,114.4800033569336,1009700.0,106.04525756835938
2015-03-30,117.43000030517578,114.56999969482422,115.1500015258789,116.93000030517578,991500.0,108.31473541259766
2015-03-31,116.97000122070312,115.47000122070312,116.4000015258789,116.20999908447266,1161500.0,107.64779663085938
2015-04-01,116.37000274658203,114.75,116.13999938964844,116.22000122070312,1333500.0,107.65704345703125
2015-04-02,118.05999755859375,115.93000030517578,116.55999755859375,117.75,967100.0,109.0743179321289
2015-04-06,120.23999786376953,117.44000244140625,117.47000122070312,119.37999725341797,1434800.0,110.58421325683594
2015-04-07,119.73999786376953,118.13999938964844,119.37999725341797,118.2699966430664,907800.0,109.55601501464844
2015-04-08,119.8499984741211,118.47000122070312,118.66000366210938,119.16999816894531,1482700.0,110.38970184326172
2015-04-09,121.87999725341797,118.5,119.19000244140625,120.05999755859375,1953600.0,111.21411895751953
2015-04-10,121.79000091552734,119.41999816894531,120.87999725341797,121.69999694824219,1465100.0,112.73326110839844
2015-04-13,121.91999816894531,119.80999755859375,121.80000305175781,119.91999816894531,957500.0,111.08442687988281
2015-04-14,119.41999816894531,117.69999694824219,118.98999786376953,118.0199966430664,1072300.0,109.32445526123047
2015-04-15,118.66999816894531,117.25,118.19000244140625,117.5199966430664,715900.0,108.86127471923828
2015-04-16,118.23999786376953,117.08000183105469,117.54000091552734,117.36000061035156,639600.0,108.71307373046875
2015-04-17,116.94000244140625,115.43000030517578,116.55000305175781,115.9800033569336,679000.0,107.43473815917969
2015-04-20,117.08999633789062,116.12000274658203,116.6500015258789,116.45999908447266,538100.0,107.87937927246094
2015-04-21,118.12999725341797,115.5199966430664,115.87000274658203,117.29000091552734,1016600.0,108.64822387695312
2015-04-22,117.3499984741211,115.9000015258789,117.0,115.98999786376953,967700.0,107.44398498535156
2015-04-23,116.87000274658203,115.25,115.45999908447266,116.0,843800.0,107.45325469970703
2015-04-24,116.19999694824219,115.26000213623047,115.91999816894531,115.63999938964844,685100.0,107.1197738647461
2015-04-27,116.55000305175781,115.56999969482422,115.95999908447266,116.36000061035156,820700.0,107.78673553466797
2015-04-28,117.91999816894531,116.0,116.0,117.12000274658203,812100.0,108.49073028564453
2015-04-29,116.7699966430664,115.87999725341797,116.44999694824219,116.26000213623047,850800.0,107.694091796875
2015-04-30,116.93000030517578,115.73999786376953,116.12999725341797,115.94000244140625,1314900.0,107.39767456054688
2015-05-01,117.33000183105469,115.8499984741211,116.47000122070312,117.19000244140625,1142400.0,108.55558776855469
2015-05-04,118.23999786376953,116.77999877929688,117.08000183105469,117.31999969482422,990200.0,108.67601013183594
2015-05-05,116.95999908447266,115.7300033569336,116.77999877929688,116.04000091552734,1314400.0,107.49029541015625
2015-05-06,116.55000305175781,114.7699966430664,116.51000213623047,115.08000183105469,813200.0,106.88658905029297
2015-05-07,116.0,114.6500015258789,114.9000015258789,115.30999755859375,1285800.0,107.1001968383789
2015-05-08,116.86000061035156,115.8499984741211,115.8499984741211,116.31999969482422,853300.0,108.03829193115234
2015-05-11,118.58000183105469,115.91999816894531,115.91999816894531,117.22000122070312,1241700.0,108.87422180175781
2015-05-12,116.69999694824219,114.9800033569336,116.58999633789062,115.68000030517578,1029800.0,107.44384765625
2015-05-13,116.52999877929688,115.12000274658203,115.5999984741211,115.61000061035156,771100.0,107.37884521484375
2015-05-14,117.58000183105469,116.19000244140625,116.5,117.51000213623047,1037800.0,109.14358520507812
2015-05-15,118.51000213623047,117.1500015258789,117.72000122070312,118.44999694824219,801600.0,110.01663970947266
2015-05-18,119.41999816894531,118.33000183105469,118.62999725341797,119.01000213623047,719100.0,110.53678131103516
2015-05-19,120.33999633789062,118.88999938964844,119.12000274658203,119.51000213623047,944500.0,111.00117492675781
2015-05-20,120.4800033569336,119.1500015258789,119.55999755859375,119.5199966430664,647100.0,111.01046752929688
2015-05-21,119.98999786376953,118.43000030517578,119.26000213623047,119.01000213623047,596000.0,110.53678131103516
2015-05-22,119.26000213623047,117.93000030517578,118.94999694824219,118.27999877929688,551400.0,109.85874938964844
2015-05-26,118.58000183105469,117.33000183105469,118.13999938964844,117.48999786376953,819600.0,109.12499237060547
2015-05-27,118.45999908447266,117.27999877929688,117.77999877929688,118.23999786376953,498600.0,109.82160186767578
2015-05-28,119.30999755859375,117.91000366210938,118.23999786376953,119.02999877929688,502300.0,110.55535125732422
2015-05-29,119.19000244140625,117.33999633789062,119.02999877929688,117.88999938964844,776300.0,109.49652099609375
2015-06-01,120.7300033569336,118.79000091552734,118.79000091552734,119.83999633789062,836800.0,111.30768585205078
2015-06-02,120.41999816894531,118.33000183105469,119.18000030517578,120.0199966430664,658100.0,111.47486114501953
2015-06-03,121.41000366210938,119.7300033569336,120.7699966430664,121.38999938964844,828300.0,112.74735260009766
2015-06-04,121.37000274658203,119.33000183105469,121.16999816894531,119.55000305175781,710400.0,111.03833770751953
2015-06-05,119.48999786376953,118.01000213623047,119.13999938964844,118.87000274658203,704400.0,110.40673828125
2015-06-08,121.0999984741211,119.02999877929688,119.5999984741211,119.88999938964844,943400.0,111.35411071777344
2015-06-09,120.48999786376953,118.87999725341797,120.05999755859375,120.30999755859375,691500.0,111.74421691894531
2015-06-10,121.94999694824219,120.22000122070312,120.4800033569336,121.75,790800.0,113.08170318603516
2015-06-11,122.12999725341797,120.81999969482422,122.08000183105469,121.02999877929688,681000.0,112.41294860839844
2015-06-12,120.75,119.83999633789062,120.26000213623047,120.5199966430664,544600.0,111.93927001953125
2015-06-15,119.9000015258789,116.56999969482422,119.9000015258789,117.02999877929688,2333500.0,108.69776916503906
2015-06-16,118.54000091552734,116.41000366210938,117.02999877929688,117.75,1133100.0,109.3664779663086
2015-06-17,119.44999694824219,118.18000030517578,118.2300033569336,119.08000183105469,1212600.0,110.60179901123047
2015-06-18,120.73999786376953,119.37999725341797,120.31999969482422,120.2699966430664,1247200.0,111.70706939697266
2015-06-19,120.11000061035156,119.0999984741211,119.95999908447266,119.5,1260800.0,110.99190521240234
2015-06-22,120.41999816894531,119.29000091552734,120.41999816894531,119.55999755859375,1040300.0,111.047607421875
2015-06-23,120.22000122070312,119.31999969482422,120.16999816894531,119.41999816894531,964700.0,110.91759490966797
2015-06-24,119.70999908447266,117.62999725341797,119.41000366210938,117.73999786376953,1084700.0,109.3572006225586
2015-06-25,118.75,117.58999633789062,118.18000030517578,117.66999816894531,1149400.0,109.29219818115234
2015-06-26,118.2699966430664,116.91000366210938,118.06999969482422,117.4000015258789,1437500.0,109.04141235351562
2015-06-29,117.20999908447266,115.52999877929688,116.62999725341797,115.5999984741211,873500.0,107.36956787109375
2015-06-30,117.06999969482422,115.87999725341797,116.69999694824219,116.0199966430664,1320100.0,107.75968933105469
2015-07-01,120.54000091552734,116.0,120.37000274658203,116.0,2579200.0,107.74109649658203
2015-07-02,118.73999786376953,116.31999969482422,116.87999725341797,117.08999633789062,1635300.0,108.75347137451172
2015-07-06,116.62999725341797,115.5999984741211,116.13999938964844,116.22000122070312,1484300.0,107.94541931152344
2015-07-07,117.7300033569336,114.66999816894531,116.30000305175781,117.5,1180000.0,109.1343002319336
2015-07-08,117.18000030517578,115.6500015258789,116.8499984741211,115.87999725341797,914900.0,107.629638671875
2015-07-09,117.76000213623047,115.44999694824219,117.38999938964844,115.54000091552734,813400.0,107.31382751464844
2015-07-10,117.30000305175781,115.77999877929688,116.87000274658203,116.04000091552734,630200.0,107.77825164794922
2015-07-13,117.0999984741211,116.20999908447266,116.48999786376953,117.04000091552734,692400.0,108.7070541381836
2015-07-14,117.80000305175781,116.58999633789062,116.9000015258789,117.6500015258789,960500.0,109.27360534667969
2015-07-15,117.83000183105469,116.3499984741211,117.66000366210938,116.44000244140625,840300.0,108.1497573852539
2015-07-16,117.79000091552734,116.75,117.27999877929688,117.54000091552734,762200.0,109.17143249511719
2015-07-17,117.98999786376953,117.13999938964844,117.19999694824219,117.77999877929688,726300.0,109.39432525634766
2015-07-20,118.25,117.44000244140625,117.80000305175781,117.91999816894531,481300.0,109.52437591552734
2015-07-21,118.08000183105469,116.45999908447266,117.7300033569336,116.98999786376953,477300.0,108.66059875488281
2015-07-22,119.41000366210938,116.48999786376953,116.88999938964844,119.37000274658203,1051600.0,110.87115478515625
2015-07-23,119.58000183105469,117.3499984741211,119.36000061035156,117.55999755859375,642300.0,109.19002532958984
2015-07-24,118.12999725341797,116.31999969482422,117.43000030517578,116.43000030517578,668000.0,108.14045715332031
2015-07-27,117.4000015258789,115.41000366210938,116.01000213623047,117.33999633789062,998000.0,108.98567962646484
2015-07-28,118.0,116.55000305175781,118.0,117.73999786376953,752400.0,109.3572006225586
2015-07-29,118.98999786376953,117.72000122070312,118.02999877929688,118.62999725341797,692200.0,110.18384552001953
2015-07-30,119.61000061035156,116.55999755859375,117.7300033569336,119.0,753700.0,110.52749633789062
2015-07-31,120.16000366210938,118.91999816894531,119.43000030517578,120.0199966430664,1389300.0,111.47486114501953
2015-08-03,121.66999816894531,120.31999969482422,120.61000061035156,121.02999877929688,1233300.0,112.41294860839844
2015-08-04,121.44999694824219,120.63999938964844,120.94999694824219,121.23999786376953,989400.0,112.6080093383789
2015-08-05,123.44000244140625,121.26000213623047,121.69999694824219,123.3499984741211,837800.0,114.5677719116211
2015-08-06,124.5,123.43000030517578,123.9800033569336,124.18000030517578,1254900.0,115.33868408203125
2015-08-07,123.9800033569336,122.80999755859375,123.7699966430664,123.52999877929688,865300.0,115.02210235595703
2015-08-10,124.9800033569336,123.76000213623047,124.30000305175781,123.98999786376953,971800.0,115.4504165649414
2015-08-11,125.18000030517578,122.73999786376953,123.0999984741211,125.06999969482422,958600.0,116.45603942871094
2015-08-12,125.36000061035156,123.0199966430664,123.98999786376953,125.25,1473000.0,116.62362670898438
2015-08-13,128.0399932861328,125.11000061035156,125.66999816894531,127.52999877929688,1891300.0,118.74662017822266
2015-08-14,128.1300048828125,126.97000122070312,127.33000183105469,128.00999450683594,1162000.0,119.19354248046875
2015-08-17,128.6300048828125,126.9800033569336,127.47000122070312,128.50999450683594,963400.0,119.65909576416016
2015-08-18,130.4199981689453,128.5800018310547,128.5800018310547,129.6999969482422,1351500.0,120.76715087890625
2015-08-19,130.0800018310547,128.05999755859375,129.32000732421875,129.72999572753906,1198500.0,120.79508209228516
2015-08-20,129.8000030517578,128.2899932861328,128.58999633789062,128.6699981689453,1342100.0,119.80809020996094
2015-08-21,127.9000015258789,122.8499984741211,127.9000015258789,123.11000061035156,1955100.0,114.63103485107422
2015-08-24,122.61000061035156,114.48999786376953,115.2699966430664,119.27999877929688,3020400.0,111.0648193359375
2015-08-25,123.55999755859375,119.47000122070312,123.2300033569336,120.01000213623047,1635800.0,111.74453735351562
2015-08-26,125.33999633789062,120.12000274658203,121.87999725341797,124.87999725341797,3342000.0,116.27912139892578
2015-08-27,127.81999969482422,125.0199966430664,126.11000061035156,127.04000091552734,1718300.0,118.29035949707031
2015-08-28,128.02999877929688,126.0,126.48999786376953,127.94000244140625,1213300.0,119.12837982177734
2015-08-31,128.3699951171875,126.76000213623047,127.7699966430664,128.0,1584500.0,119.18424987792969
2015-09-01,128.7100067138672,126.55000305175781,127.0,127.72000122070312,2724800.0,118.92353057861328
2015-09-02,129.08999633789062,127.54000091552734,129.07000732421875,129.0,1609200.0,120.11538696289062
2015-09-03,130.2899932861328,128.63999938964844,129.44000244140625,129.0,1371900.0,120.11538696289062
2015-09-04,128.3000030517578,126.83000183105469,127.22000122070312,127.5199966430664,1446800.0,118.73729705810547
2015-09-08,129.1699981689453,127.23999786376953,128.9600067138672,129.16000366210938,1314500.0,120.26436614990234
2015-09-09,129.99000549316406,125.55000305175781,129.9600067138672,125.91000366210938,1507800.0,117.23818969726562
2015-09-10,127.83999633789062,125.7300033569336,125.87999725341797,127.41000366210938,883300.0,118.63488006591797
2015-09-11,127.45999908447266,125.52999877929688,125.80999755859375,127.41000366210938,1264000.0,118.63488006591797
2015-09-14,128.14999389648438,126.9000015258789,127.75,127.9000015258789,778400.0,119.09114074707031
2015-09-15,128.92999267578125,127.63999938964844,128.30999755859375,128.5399932861328,1223600.0,119.68704223632812
2015-09-16,131.3800048828125,128.8699951171875,129.55999755859375,131.16000366210938,2018200.0,122.12661743164062
2015-09-17,132.1999969482422,130.1300048828125,131.19000244140625,130.41000366210938,1411400.0,121.42826080322266
2015-09-18,130.5,127.3499984741211,129.00999450683594,127.3499984741211,3865100.0,118.57901000976562
2015-09-21,129.33999633789062,127.58000183105469,127.97000122070312,128.22000122070312,1276200.0,119.38909912109375
2015-09-22,128.13999938964844,126.31999969482422,127.08999633789062,127.23999786376953,905400.0,118.47657012939453
2015-09-23,128.57000732421875,127.44000244140625,127.87000274658203,128.0500030517578,606600.0,119.23080444335938
2015-09-24,127.83000183105469,126.30000305175781,127.33999633789062,127.12000274658203,589700.0,118.3648452758789
2015-09-25,130.0,127.70999908447266,128.77999877929688,129.82000732421875,1663700.0,120.87889099121094
2015-09-28,129.6199951171875,125.20999908447266,129.47000122070312,125.93000030517578,1311300.0,117.2568130493164
2015-09-29,126.4800033569336,122.3499984741211,125.79000091552734,123.5,1479700.0,114.99415588378906
2015-09-30,125.5,123.51000213623047,125.19999694824219,125.20999908447266,1438000.0,116.58638763427734
2015-10-01,127.7699966430664,124.56999969482422,125.1500015258789,127.69999694824219,1532500.0,118.90491485595703
2015-10-02,129.2100067138672,126.0,126.58999633789062,129.1199951171875,1124000.0,120.22710418701172
2015-10-05,132.52999877929688,129.60000610351562,130.0,132.24000549316406,1857600.0,123.13224792480469
2015-10-06,132.47000122070312,130.6699981689453,132.11000061035156,131.32000732421875,1494700.0,122.275634765625
2015-10-07,135.39999389648438,131.9600067138672,135.39999389648438,134.57000732421875,3039400.0,125.30177307128906
2015-10-08,136.83999633789062,133.47000122070312,134.50999450683594,136.69000244140625,1986700.0,127.27574157714844
2015-10-09,137.6699981689453,136.0800018310547,136.8000030517578,136.88999938964844,1196200.0,127.46197509765625
2015-10-12,138.6699981689453,136.69000244140625,136.9499969482422,137.07000732421875,1209800.0,127.62958526611328
2015-10-13,137.7100067138672,134.6999969482422,137.30999755859375,135.02000427246094,1320500.0,125.72075653076172
2015-10-14,135.91000366210938,133.25999450683594,135.16000366210938,133.69000244140625,1270000.0,124.48234558105469
2015-10-15,135.72999572753906,134.00999450683594,134.49000549316406,134.92999267578125,1384800.0,125.63693237304688
2015-10-16,135.49000549316406,134.4499969482422,135.1999969482422,135.08999633789062,1003400.0,125.78593444824219
2015-10-19,135.88999938964844,134.60000610351562,135.07000732421875,135.17999267578125,993900.0,125.8697280883789
2015-10-20,135.97999572753906,134.60000610351562,135.44000244140625,135.89999389648438,570000.0,126.54015350341797
2015-10-21,137.4600067138672,135.25999450683594,136.1300048828125,136.30999755859375,724700.0,126.92185974121094
2015-10-22,137.92999267578125,136.5,136.91000366210938,137.80999755859375,1298500.0,128.31861877441406
2015-10-23,138.8800048828125,135.66000366210938,138.3800048828125,136.1999969482422,1191700.0,126.81947326660156
2015-10-26,136.75999450683594,135.0500030517578,136.5,136.0,725300.0,126.63324737548828
2015-10-27,136.4199981689453,135.08999633789062,135.67999267578125,135.67999267578125,523200.0,126.33526611328125
2015-10-28,136.58999633789062,134.5800018310547,136.47000122070312,135.61000061035156,784000.0,126.2701187133789
2015-10-29,135.57000732421875,134.11000061035156,135.55999755859375,135.11000061035156,625100.0,125.80453491210938
2015-10-30,135.75,134.49000549316406,135.22000122070312,134.8000030517578,937100.0,125.51589965820312
2015-11-02,135.47000122070312,134.22000122070312,134.91000366210938,135.0800018310547,980400.0,125.776611328125
2015-11-03,135.1300048828125,133.77000427246094,135.0800018310547,134.41000366210938,720500.0,125.15277099609375
2015-11-04,134.85000610351562,132.07000732421875,134.4199981689453,133.1999969482422,688500.0,124.0261001586914
2015-11-05,134.0,132.8699951171875,133.42999267578125,133.25999450683594,584300.0,124.37140655517578
2015-11-06,133.0,131.42999267578125,132.5800018310547,132.11000061035156,904900.0,123.29810333251953
2015-11-09,132.4499969482422,131.5500030517578,131.75,132.27000427246094,1093200.0,123.44745635986328
2015-11-10,134.85000610351562,131.88999938964844,131.97999572753906,134.77999877929688,2116300.0,125.79000854492188
2015-11-11,135.4499969482422,134.7899932861328,135.0399932861328,134.97999572753906,1006700.0,125.97667694091797
2015-11-12,134.91000366210938,133.3800048828125,134.3000030517578,133.3800048828125,964900.0,124.48339080810547
2015-11-13,134.1999969482422,132.05999755859375,133.0,132.1999969482422,584100.0,123.38214874267578
2015-11-16,135.3300018310547,132.0800018310547,132.49000549316406,135.25999450683594,1370800.0,126.238037109375
2015-11-17,138.92999267578125,135.52000427246094,135.58999633789062,138.11000061035156,1733200.0,128.89791870117188
2015-11-18,139.19000244140625,137.13999938964844,138.4600067138672,138.2899932861328,1176600.0,129.0658721923828
2015-11-19,138.5,137.25999450683594,137.97999572753906,137.4600067138672,794800.0,128.29129028320312
2015-11-20,139.88999938964844,137.27000427246094,138.1300048828125,137.6199951171875,1443500.0,128.4406280517578
2015-11-23,142.86000061035156,139.1199951171875,139.36000061035156,142.0800018310547,1815500.0,132.60311889648438
2015-11-24,141.6199951171875,140.02999877929688,141.1999969482422,141.33999633789062,1049600.0,131.91246032714844
2015-11-25,143.99000549316406,141.50999450683594,141.83999633789062,143.19000244140625,974800.0,133.6390838623047
2015-11-27,144.44000244140625,142.88999938964844,143.32000732421875,143.7899932861328,554000.0,134.19906616210938
2015-11-30,144.60000610351562,140.25999450683594,143.8000030517578,140.25999450683594,1953900.0,130.90451049804688
2015-12-01,142.9199981689453,140.7899932861328,140.9499969482422,142.85000610351562,1394400.0,133.32177734375
2015-12-02,142.91000366210938,141.35000610351562,142.91000366210938,141.83999633789062,842600.0,132.37913513183594
2015-12-03,142.6699981689453,140.0,141.99000549316406,140.5,961100.0,131.12847900390625
2015-12-04,144.83999633789062,140.5399932861328,140.77000427246094,144.6699981689453,1081500.0,135.0203857421875
2015-12-07,144.6699981689453,140.72000122070312,144.22999572753906,141.8000030517578,1255700.0,132.34178161621094
2015-12-08,143.38999938964844,140.8699951171875,141.3000030517578,142.99000549316406,765500.0,133.4524383544922
2015-12-09,143.05999755859375,139.5800018310547,142.5800018310547,140.17999267578125,786600.0,130.829833984375
2015-12-10,141.33999633789062,139.35000610351562,140.24000549316406,139.97999572753906,910000.0,130.64321899414062
2015-12-11,141.1999969482422,137.5,139.61000061035156,138.3000030517578,1275400.0,129.07525634765625
2015-12-14,139.0,135.33999633789062,138.3000030517578,137.69000244140625,1360600.0,128.5059051513672
2015-12-15,139.7100067138672,137.6999969482422,138.3000030517578,139.27999877929688,1138700.0,129.98989868164062
2015-12-16,143.2899932861328,140.07000732421875,140.07000732421875,142.9600067138672,1257400.0,133.4244384765625
2015-12-17,143.44000244140625,139.88999938964844,143.0,139.88999938964844,1072400.0,130.55923461914062
2015-12-18,141.0399932861328,138.0,139.52000427246094,138.57000732421875,4622100.0,129.3272247314453
2015-12-21,142.80999755859375,140.08999633789062,140.94000244140625,141.39999389648438,1074500.0,131.96849060058594
2015-12-22,142.74000549316406,139.67999267578125,141.77999877929688,142.6300048828125,1018300.0,133.1164093017578
2015-12-23,144.08999633789062,142.67999267578125,142.91000366210938,143.69000244140625,652300.0,134.105712890625
2015-12-24,143.72999572753906,142.9199981689453,143.4600067138672,143.02999877929688,248500.0,133.48973083496094
2015-12-28,143.27000427246094,142.00999450683594,142.91000366210938,143.27000427246094,402000.0,133.7137451171875
2015-12-29,144.8699951171875,143.7899932861328,143.85000610351562,144.25,578200.0,134.62840270996094
2015-12-30,144.69000244140625,143.50999450683594,144.33999633789062,144.1699981689453,533600.0,134.55372619628906
2015-12-31,144.30999755859375,142.27000427246094,143.30999755859375,142.44000244140625,780100.0,132.93914794921875
2016-01-04,141.0800018310547,138.4499969482422,141.02999877929688,140.69000244140625,1765900.0,131.30581665039062
2016-01-05,143.9499969482422,141.24000549316406,141.55999755859375,143.6199951171875,1753500.0,134.0404052734375
2016-01-06,144.41000366210938,142.00999450683594,142.99000549316406,143.1199951171875,2334900.0,133.57373046875
2016-01-07,154.30999755859375,147.11000061035156,149.5,149.61000061035156,4601900.0,139.630859375
2016-01-08,151.0,146.58999633789062,149.8800048828125,147.0,1695400.0,137.19496154785156
2016-01-11,148.60000610351562,144.7899932861328,147.72000122070312,147.0500030517578,1521500.0,137.2415771484375
2016-01-12,148.1999969482422,144.66000366210938,148.19000244140625,147.0399932861328,1317000.0,137.23228454589844
2016-01-13,147.22999572753906,143.63999938964844,147.1300048828125,144.1300048828125,1145300.0,134.51637268066406
2016-01-14,144.5399932861328,141.25,143.89999389648438,143.25,1861000.0,133.695068359375
2016-01-15,144.7100067138672,141.1999969482422,141.42999267578125,142.75,2022700.0,133.22840881347656
2016-01-19,146.1999969482422,143.10000610351562,144.82000732421875,145.6199951171875,2069800.0,135.90699768066406
2016-01-20,146.64999389648438,142.1199951171875,143.72000122070312,145.13999938964844,2200600.0,135.45901489257812
2016-01-21,146.2100067138672,142.36000061035156,144.97000122070312,143.4499969482422,1710000.0,133.8817138671875
2016-01-22,149.22999572753906,145.05999755859375,145.27000427246094,148.75999450683594,2077400.0,138.83755493164062
2016-01-25,149.5,147.16000366210938,149.3000030517578,148.25,1608700.0,138.361572265625
2016-01-26,150.97000122070312,147.60000610351562,148.25,148.3800048828125,1463200.0,138.48294067382812
2016-01-27,149.6300048828125,144.8000030517578,148.94000244140625,146.11000061035156,1695000.0,136.3643341064453
2016-01-28,152.4600067138672,146.6999969482422,146.75999450683594,151.82000732421875,2443600.0,141.6934356689453
2016-01-29,152.92999267578125,151.25999450683594,152.27000427246094,152.47999572753906,2058800.0,142.30941772460938
2016-02-01,155.67999267578125,152.75,152.89999389648438,154.36000061035156,1553400.0,144.0640411376953
2016-02-02,154.5800018310547,151.89999389648438,153.58999633789062,152.50999450683594,1253200.0,142.3374481201172
2016-02-03,153.24000549316406,148.14999389648438,152.52999877929688,150.39999389648438,1831400.0,140.36814880371094
2016-02-04,150.0500030517578,145.44000244140625,149.5,146.9499969482422,3022600.0,137.14830017089844
2016-02-05,147.4600067138672,137.82000732421875,147.2899932861328,137.9499969482422,4864800.0,129.020751953125
2016-02-08,136.4199981689453,130.22999572753906,135.5399932861328,134.9499969482422,4595500.0,126.2149429321289
2016-02-09,138.80999755859375,133.4199981689453,134.0800018310547,136.08999633789062,2175700.0,127.28118133544922
2016-02-10,140.13999938964844,137.10000610351562,137.5500030517578,138.8000030517578,1689300.0,129.81573486328125
2016-02-11,137.74000549316406,134.39999389648438,137.3300018310547,135.61000061035156,1746400.0,126.83222961425781
2016-02-12,138.44000244140625,135.61000061035156,135.61000061035156,138.02999877929688,1201700.0,129.09559631347656
2016-02-16,141.22000122070312,137.99000549316406,139.72999572753906,139.2899932861328,1396700.0,130.27403259277344
2016-02-17,142.50999450683594,139.97000122070312,140.49000549316406,142.00999450683594,1796400.0,132.81796264648438
2016-02-18,142.47999572753906,139.55999755859375,142.1699981689453,140.3300018310547,1186700.0,131.24673461914062
2016-02-19,140.5399932861328,138.27000427246094,140.10000610351562,139.50999450683594,1309500.0,130.4798126220703
2016-02-22,142.3300018310547,139.44000244140625,139.8699951171875,140.60000610351562,1584600.0,131.4992218017578
2016-02-23,140.60000610351562,138.5,140.0,139.47000122070312,1358000.0,130.44241333007812
2016-02-24,140.1999969482422,137.25,138.72000122070312,139.0800018310547,1485300.0,130.07763671875
2016-02-25,143.69000244140625,137.57000732421875,139.66000366210938,143.63999938964844,1911000.0,134.3424835205078
2016-02-26,144.41000366210938,140.94000244140625,143.91000366210938,142.0500030517578,1332500.0,132.8553924560547
2016-02-29,143.55999755859375,141.39999389648438,141.69000244140625,141.42999267578125,1044600.0,132.2755126953125
2016-03-01,144.99000549316406,142.16000366210938,142.4199981689453,144.52000427246094,1250100.0,135.16549682617188
2016-03-02,144.36000061035156,142.1699981689453,143.67999267578125,143.77999877929688,1218200.0,134.4734344482422
2016-03-03,144.5399932861328,141.10000610351562,143.57000732421875,144.4499969482422,1145500.0,135.10000610351562
2016-03-04,144.92999267578125,142.8300018310547,143.94000244140625,143.89999389648438,1282400.0,134.5856170654297
2016-03-07,143.17999267578125,137.91000366210938,142.58999633789062,138.7100067138672,2861400.0,129.73162841796875
2016-03-08,141.91000366210938,137.85000610351562,138.4499969482422,139.97000122070312,1472300.0,130.91001892089844
2016-03-09,141.1699981689453,139.11000061035156,140.27000427246094,140.27999877929688,1248900.0,131.199951171875
2016-03-10,141.74000549316406,139.74000549316406,141.5800018310547,140.5,1080000.0,131.40570068359375
2016-03-11,142.30999755859375,140.57000732421875,141.64999389648438,142.05999755859375,1293100.0,132.86473083496094
2016-03-14,143.72000122070312,140.97999572753906,142.9600067138672,141.89999389648438,2100900.0,132.71507263183594
2016-03-15,144.8699951171875,141.5,141.60000610351562,144.1300048828125,1234100.0,134.80075073242188
2016-03-16,145.0,142.39999389648438,143.3000030517578,144.5399932861328,901300.0,135.18421936035156
2016-03-17,147.16000366210938,144.17999267578125,144.5399932861328,146.83999633789062,1247700.0,137.33535766601562
2016-03-18,149.4600067138672,146.35000610351562,147.11000061035156,147.0399932861328,2678900.0,137.5223846435547
2016-03-21,147.6999969482422,146.3699951171875,146.80999755859375,147.1999969482422,1164600.0,137.67202758789062
2016-03-22,149.55999755859375,146.6699981689453,146.6699981689453,149.4199981689453,1474400.0,139.7483673095703
2016-03-23,150.75999450683594,149.0800018310547,149.4199981689453,150.11000061035156,1808200.0,140.39366149902344
2016-03-24,150.25999450683594,149.0500030517578,149.2899932861328,149.89999389648438,1566000.0,140.197265625
2016-03-28,151.4499969482422,149.1699981689453,150.52000427246094,149.41000366210938,1051300.0,139.73899841308594
2016-03-29,150.72000122070312,149.07000732421875,149.7100067138672,149.7100067138672,1716200.0,140.01963806152344
2016-03-30,152.10000610351562,149.75,150.44000244140625,151.60000610351562,1406100.0,141.78724670410156
2016-03-31,152.22999572753906,150.63999938964844,151.5800018310547,151.08999633789062,1370800.0,141.31024169921875
2016-04-01,153.1199951171875,150.0,150.36000061035156,152.67999267578125,1415300.0,142.79730224609375
2016-04-04,153.22000122070312,150.3300018310547,153.1699981689453,151.47000122070312,1682000.0,141.66567993164062
2016-04-05,152.27999877929688,149.60000610351562,151.0,151.36000061035156,2194200.0,141.56275939941406
2016-04-06,160.35000610351562,156.0,158.00999450683594,160.33999633789062,4172300.0,149.9615020751953
2016-04-07,160.38999938964844,156.41000366210938,160.0399932861328,157.3699951171875,2551100.0,147.1837615966797
2016-04-08,159.89999389648438,158.0,158.10000610351562,159.00999450683594,1341500.0,148.7175750732422
2016-04-11,159.72999572753906,157.39999389648438,158.92999267578125,157.47000122070312,1202200.0,147.2772979736328
2016-04-12,158.35000610351562,156.64999389648438,157.61000061035156,156.9499969482422,1447200.0,146.7909393310547
2016-04-13,157.82000732421875,154.9600067138672,157.0500030517578,156.0500030517578,2401100.0,145.9492645263672
2016-04-14,158.2100067138672,155.8699951171875,156.05999755859375,156.83999633789062,1237300.0,146.6880340576172
2016-04-15,157.27000427246094,155.52999877929688,156.17999267578125,156.7100067138672,1290600.0,146.5664825439453
2016-04-18,158.64999389648438,156.50999450683594,156.8699951171875,158.0500030517578,1181500.0,147.81976318359375
2016-04-19,159.27999877929688,157.07000732421875,158.57000732421875,157.3000030517578,1536700.0,147.1182403564453
2016-04-20,157.6699981689453,155.92999267578125,157.27999877929688,156.00999450683594,846000.0,145.91180419921875
2016-04-21,156.85000610351562,154.9600067138672,156.19000244140625,155.16000366210938,1188800.0,145.11679077148438
2016-04-22,155.74000549316406,154.0,155.02999877929688,154.85000610351562,1293800.0,144.82684326171875
2016-04-25,157.4499969482422,154.91000366210938,154.9499969482422,156.83999633789062,961000.0,146.6880340576172
2016-04-26,157.38999938964844,156.11000061035156,157.17999267578125,156.25,703400.0,146.13626098632812
2016-04-27,156.9600067138672,154.8800048828125,155.99000549316406,156.63999938964844,863400.0,146.5010223388672
2016-04-28,157.19000244140625,155.05999755859375,155.67999267578125,155.5800018310547,782500.0,145.50961303710938
2016-04-29,157.24000549316406,154.6999969482422,154.89999389648438,156.05999755859375,858200.0,145.95852661132812
2016-05-02,158.33999633789062,156.07000732421875,156.07000732421875,157.77000427246094,916000.0,147.557861328125
2016-05-03,158.52999877929688,156.19000244140625,156.91000366210938,158.49000549316406,1147700.0,148.23126220703125
2016-05-04,159.99000549316406,156.67999267578125,157.4499969482422,158.8300018310547,1195600.0,148.5492401123047
2016-05-05,159.39999389648438,157.77000427246094,158.42999267578125,159.19000244140625,1279200.0,148.88597106933594
2016-05-06,159.77999877929688,158.0399932861328,158.8300018310547,159.58999633789062,1085800.0,149.63601684570312
2016-05-09,162.32000732421875,159.8300018310547,159.85000610351562,161.11000061035156,1020100.0,151.06129455566406
2016-05-10,163.58999633789062,160.8300018310547,161.2899932861328,163.52000427246094,1614400.0,153.32089233398438
2016-05-11,165.80999755859375,162.44000244140625,163.5,162.94000244140625,1596800.0,152.77708435058594
2016-05-12,163.4199981689453,161.33999633789062,163.22000122070312,161.89999389648438,1056000.0,151.80197143554688
2016-05-13,162.25999450683594,160.3800048828125,162.0,161.47000122070312,1388900.0,151.39877319335938
2016-05-16,163.22999572753906,160.61000061035156,160.61000061035156,162.52999877929688,707100.0,152.3926544189453
2016-05-17,161.8699951171875,157.55999755859375,161.8699951171875,158.14999389648438,1523700.0,148.285888671875
2016-05-18,157.50999450683594,153.44000244140625,157.47999572753906,154.47999572753906,3098800.0,144.8447265625
2016-05-19,156.16000366210938,154.0800018310547,154.25999450683594,156.08999633789062,1248000.0,146.35433959960938
2016-05-20,156.9199981689453,153.74000549316406,156.9199981689453,154.10000610351562,2329700.0,144.48849487304688
2016-05-23,155.32000732421875,154.0800018310547,154.41000366210938,154.2899932861328,1042000.0,144.66661071777344
2016-05-24,158.13999938964844,155.22999572753906,155.22999572753906,157.6999969482422,1229500.0,147.86390686035156
2016-05-25,158.11000061035156,155.91000366210938,157.6199951171875,156.89999389648438,977500.0,147.11383056640625
2016-05-26,158.10000610351562,156.5500030517578,157.22000122070312,157.9499969482422,1042800.0,148.09835815429688
2016-05-27,158.97000122070312,157.66000366210938,158.14999389648438,157.8300018310547,820500.0,147.98582458496094
2016-05-31,158.5500030517578,152.2100067138672,158.5500030517578,153.14999389648438,3243500.0,143.5977325439453
2016-06-01,154.42999267578125,152.66000366210938,153.14999389648438,153.80999755859375,1731800.0,144.21658325195312
2016-06-02,154.72000122070312,152.83999633789062,153.55999755859375,154.14999389648438,1008300.0,144.5353546142578
2016-06-03,154.47999572753906,153.0399932861328,153.75,153.39999389648438,1000300.0,143.83212280273438
2016-06-06,155.27000427246094,153.4499969482422,153.4499969482422,155.10000610351562,1093100.0,145.42611694335938
2016-06-07,153.25,149.25999450683594,152.0,151.11000061035156,3686700.0,141.68499755859375
2016-06-08,155.1199951171875,151.0,151.39999389648438,154.05999755859375,1952600.0,144.45098876953125
2016-06-09,154.4199981689453,153.00999450683594,154.2100067138672,154.10000610351562,1136700.0,144.48849487304688
2016-06-10,154.00999450683594,152.75,153.16000366210938,153.39999389648438,970100.0,143.83212280273438
2016-06-13,153.9600067138672,152.4600067138672,153.0,152.8800048828125,1238900.0,143.34458923339844
2016-06-14,157.94000244140625,154.5500030517578,154.5500030517578,157.1199951171875,2706600.0,147.32012939453125
2016-06-15,158.16000366210938,155.25,157.6199951171875,156.24000549316406,1193500.0,146.49501037597656
2016-06-16,156.83999633789062,154.5,154.8800048828125,156.75999450683594,970100.0,146.98255920410156
2016-06-17,156.00999450683594,153.8300018310547,155.5,154.0500030517578,1941300.0,144.4415740966797
2016-06-20,156.1699981689453,154.3300018310547,155.86000061035156,154.3300018310547,1421500.0,144.70408630371094
2016-06-21,155.75,154.33999633789062,155.2899932861328,154.83999633789062,1203500.0,145.1823272705078
2016-06-22,155.75999450683594,153.5,154.85000610351562,153.64999389648438,1417700.0,144.06655883789062
2016-06-23,156.02999877929688,154.11000061035156,155.00999450683594,155.99000549316406,1200500.0,146.26060485839844
2016-06-24,155.0,150.88999938964844,150.88999938964844,152.52999877929688,3791500.0,143.0164031982422
2016-06-27,153.69000244140625,151.52999877929688,152.39999389648438,153.10000610351562,1491600.0,143.5508575439453
2016-06-28,157.77000427246094,153.5399932861328,154.47999572753906,157.64999389648438,2338000.0,147.8170166015625
2016-06-29,160.38999938964844,157.91000366210938,159.0500030517578,159.38999938964844,2480000.0,149.4485321044922
2016-06-30,166.22000122070312,162.35000610351562,164.39999389648438,165.39999389648438,4467700.0,155.08367919921875
2016-07-01,167.91000366210938,163.02000427246094,165.74000549316406,163.61000061035156,1919700.0,153.4053497314453
2016-07-05,167.0,163.00999450683594,164.0500030517578,165.89999389648438,1574900.0,155.55245971679688
2016-07-06,166.9499969482422,165.02999877929688,165.67999267578125,165.33999633789062,1767600.0,155.02740478515625
2016-07-07,166.55999755859375,165.5800018310547,166.0,166.00999450683594,1438300.0,155.6556396484375
2016-07-08,167.27999877929688,165.25,166.75999450683594,165.99000549316406,1017100.0,155.63685607910156
2016-07-11,165.82000732421875,163.89999389648438,165.52000427246094,164.2100067138672,1337700.0,153.96786499023438
2016-07-12,165.17999267578125,162.60000610351562,165.10000610351562,163.72999572753906,1384700.0,153.517822265625
2016-07-13,164.7100067138672,163.27000427246094,163.6199951171875,163.52000427246094,990900.0,153.32089233398438
2016-07-14,164.99000549316406,162.57000732421875,164.0,162.91000366210938,1001200.0,152.74896240234375
2016-07-15,164.1300048828125,163.00999450683594,163.39999389648438,163.08999633789062,931100.0,152.91775512695312
2016-07-18,163.5,162.25,162.74000549316406,163.1199951171875,680900.0,152.9458770751953
2016-07-19,164.85000610351562,162.6199951171875,162.7899932861328,164.00999450683594,861900.0,153.7803497314453
2016-07-20,166.44000244140625,163.41000366210938,164.3699951171875,166.33999633789062,1263200.0,155.96505737304688
2016-07-21,165.83999633789062,164.47000122070312,165.3300018310547,165.38999938964844,944900.0,155.07424926757812
2016-07-22,168.1300048828125,165.49000549316406,165.5800018310547,167.66000366210938,835300.0,157.2027130126953
2016-07-25,167.8699951171875,165.77000427246094,167.66000366210938,166.32000732421875,527100.0,155.94630432128906
2016-07-26,166.7100067138672,164.8699951171875,166.49000549316406,165.38999938964844,750800.0,155.07424926757812
2016-07-27,165.6999969482422,161.75,165.47999572753906,162.97000122070312,1264500.0,152.80523681640625
2016-07-28,164.00999450683594,162.30999755859375,163.14999389648438,163.58999633789062,815100.0,153.38653564453125
2016-07-29,165.2100067138672,163.55999755859375,163.67999267578125,164.6300048828125,801200.0,154.3616943359375
2016-08-01,165.60000610351562,163.6199951171875,164.94000244140625,163.92999267578125,947000.0,153.705322265625
2016-08-02,164.07000732421875,162.25999450683594,163.99000549316406,162.6300048828125,948500.0,152.48643493652344
2016-08-03,162.94000244140625,162.00999450683594,162.91000366210938,162.6999969482422,632900.0,152.55206298828125
2016-08-04,164.0800018310547,162.88999938964844,163.2100067138672,163.6199951171875,680600.0,153.41470336914062
2016-08-05,164.99000549316406,162.86000061035156,163.64999389648438,163.0800018310547,873900.0,152.90834045410156
2016-08-08,163.0,161.50999450683594,162.9600067138672,162.64999389648438,569000.0,152.8801727294922
2016-08-09,166.67999267578125,162.63999938964844,162.72999572753906,164.64999389648438,826700.0,154.76004028320312
2016-08-10,166.24000549316406,164.7100067138672,164.83999633789062,166.11000061035156,760600.0,156.1323699951172
2016-08-11,167.42999267578125,165.07000732421875,166.47000122070312,165.13999938964844,635000.0,155.22064208984375
2016-08-12,165.9600067138672,164.82000732421875,165.22999572753906,165.50999450683594,740600.0,155.568359375
2016-08-15,165.4499969482422,164.52999877929688,165.42999267578125,165.0,687200.0,155.08901977539062
2016-08-16,165.47000122070312,164.39999389648438,164.41000366210938,164.47000122070312,652200.0,154.5908660888672
2016-08-17,165.47000122070312,163.32000732421875,164.85000610351562,165.2899932861328,599300.0,155.361572265625
2016-08-18,165.89999389648438,164.9600067138672,165.2899932861328,165.27000427246094,1057000.0,155.34278869628906
2016-08-19,165.6699981689453,164.75,165.0,165.5,598000.0,155.55899047851562
2016-08-22,166.72999572753906,165.3300018310547,165.7100067138672,165.77999877929688,815000.0,155.82215881347656
2016-08-23,166.6199951171875,166.02999877929688,166.35000610351562,166.3699951171875,586300.0,156.37672424316406
2016-08-24,167.0,166.0,166.0399932861328,166.61000061035156,694000.0,156.60227966308594
2016-08-25,167.5800018310547,166.0,166.64999389648438,166.69000244140625,868900.0,156.67750549316406
2016-08-26,168.67999267578125,165.32000732421875,166.85000610351562,165.58999633789062,805500.0,155.6435546875
2016-08-29,166.92999267578125,165.74000549316406,165.8800048828125,166.8000030517578,674400.0,156.7808837890625
2016-08-30,167.1999969482422,165.02999877929688,166.05999755859375,166.14999389648438,855800.0,156.16993713378906
2016-08-31,165.9199981689453,163.50999450683594,165.9199981689453,164.0500030517578,1247900.0,154.1960906982422
2016-09-01,165.1300048828125,163.8699951171875,163.8699951171875,164.8000030517578,622700.0,154.9010467529297
2016-09-02,167.88999938964844,165.67999267578125,166.1199951171875,167.0,545900.0,156.96885681152344
2016-09-06,167.49000549316406,166.3000030517578,167.0,166.85000610351562,790100.0,156.82791137695312
2016-09-07,167.0,164.83999633789062,166.22999572753906,165.99000549316406,744000.0,156.01954650878906
2016-09-08,166.4199981689453,164.1199951171875,166.0,165.5500030517578,1073800.0,155.60595703125
2016-09-09,165.2100067138672,162.35000610351562,164.33999633789062,162.35000610351562,1282400.0,152.5981903076172
2016-09-12,165.0500030517578,162.35000610351562,162.35000610351562,164.8699951171875,1013800.0,154.966796875
2016-09-13,164.86000061035156,160.50999450683594,164.60000610351562,161.30999755859375,1545200.0,151.6206817626953
2016-09-14,163.14999389648438,161.38999938964844,161.80999755859375,162.6199951171875,822300.0,152.85195922851562
2016-09-15,166.94000244140625,163.0,163.0,166.47000122070312,1355300.0,156.470703125
2016-09-16,165.99000549316406,162.52000427246094,165.14999389648438,164.61000061035156,1744900.0,154.72244262695312
2016-09-19,165.35000610351562,162.24000549316406,164.63999938964844,162.67999267578125,1320600.0,152.90835571289062
2016-09-20,164.1699981689453,162.85000610351562,163.77000427246094,162.85000610351562,794200.0,153.06820678710938
2016-09-21,165.99000549316406,163.22999572753906,164.14999389648438,165.7899932861328,1050000.0,155.83154296875
2016-09-22,167.02999877929688,165.50999450683594,166.1300048828125,166.02000427246094,1063700.0,156.0477752685547
2016-09-23,167.32000732421875,165.0399932861328,165.75999450683594,166.6300048828125,711400.0,156.62107849121094
2016-09-26,166.91000366210938,165.50999450683594,166.0,165.5800018310547,911900.0,155.63421630859375
2016-09-27,166.9199981689453,165.0800018310547,165.69000244140625,165.9600067138672,978000.0,155.99134826660156
2016-09-28,165.77999877929688,163.1300048828125,164.80999755859375,165.3000030517578,982200.0,155.37103271484375
2016-09-29,164.9600067138672,163.10000610351562,164.8800048828125,163.6699981689453,1001700.0,153.83888244628906
2016-09-30,168.67999267578125,163.1199951171875,164.69000244140625,166.49000549316406,1659700.0,156.48951721191406
2016-10-03,166.4600067138672,164.7899932861328,166.4499969482422,165.50999450683594,1240400.0,155.568359375
2016-10-04,166.8800048828125,165.10000610351562,165.8300018310547,165.85000610351562,1502400.0,155.88795471191406
2016-10-05,173.5500030517578,167.8800048828125,172.92999267578125,168.60000610351562,4498600.0,158.47274780273438
2016-10-06,171.77000427246094,168.22000122070312,169.0,171.02999877929688,2157700.0,160.7567901611328
2016-10-07,171.92999267578125,167.6999969482422,171.5500030517578,168.83999633789062,1751000.0,158.69834899902344
2016-10-10,171.82000732421875,169.8000030517578,169.8000030517578,171.24000549316406,1309100.0,160.95419311523438
2016-10-11,171.16000366210938,168.24000549316406,171.05999755859375,169.7100067138672,1200000.0,159.51612854003906
2016-10-12,170.9499969482422,169.27000427246094,169.7100067138672,170.0,849500.0,159.78871154785156
2016-10-13,169.61000061035156,168.27999877929688,169.0399932861328,168.94000244140625,993300.0,158.79237365722656
2016-10-14,169.92999267578125,168.38999938964844,169.27000427246094,169.4600067138672,890900.0,159.28114318847656
2016-10-17,170.39999389648438,166.69000244140625,170.0,167.1300048828125,1516500.0,157.0911102294922
2016-10-18,168.64999389648438,167.16000366210938,167.88999938964844,167.1999969482422,689000.0,157.15684509277344
2016-10-19,167.8300018310547,166.1300048828125,167.3000030517578,167.35000610351562,991900.0,157.2978973388672
2016-10-20,168.16000366210938,166.4499969482422,168.16000366210938,166.97000122070312,1079700.0,156.94068908691406
2016-10-21,167.52999877929688,165.58999633789062,167.49000549316406,167.41000366210938,951300.0,157.354248046875
2016-10-24,170.10000610351562,167.8300018310547,168.0500030517578,169.57000732421875,1039100.0,159.38449096679688
2016-10-25,169.08999633789062,167.97000122070312,169.07000732421875,168.13999938964844,834900.0,158.04042053222656
2016-10-26,167.99000549316406,166.0399932861328,167.7899932861328,166.50999450683594,854000.0,156.50830078125
2016-10-27,167.58999633789062,165.60000610351562,167.1300048828125,165.6300048828125,585800.0,155.68116760253906
2016-10-28,167.6199951171875,165.33999633789062,165.72999572753906,166.02000427246094,2021000.0,156.0477752685547
2016-10-31,168.5,166.1699981689453,166.61000061035156,167.1199951171875,931400.0,157.08164978027344
2016-11-01,167.6999969482422,162.8699951171875,166.89999389648438,163.4499969482422,1566900.0,153.63214111328125
2016-11-02,164.4199981689453,163.22000122070312,163.3800048828125,163.6999969482422,1363800.0,153.86709594726562
2016-11-03,164.1300048828125,159.64999389648438,164.1300048828125,160.07000732421875,1781400.0,150.45516967773438
2016-11-04,161.02000427246094,157.91000366210938,159.6699981689453,159.58999633789062,1634300.0,150.37974548339844
2016-11-07,166.02000427246094,161.72000122070312,162.33999633789062,165.92999267578125,1937300.0,156.3538818359375
2016-11-08,167.86000061035156,164.9600067138672,165.55999755859375,166.5500030517578,1465800.0,156.93807983398438
2016-11-09,157.3699951171875,150.7899932861328,152.83999633789062,153.91000366210938,7633900.0,145.027587890625
2016-11-10,155.14999389648438,146.89999389648438,154.17999267578125,152.8699951171875,5944700.0,144.04757690429688
2016-11-11,153.0500030517578,149.57000732421875,151.02000427246094,152.38999938964844,2771200.0,143.59530639648438
2016-11-14,153.0,147.44000244140625,151.8000030517578,147.94000244140625,3434900.0,139.40213012695312
2016-11-15,153.86000061035156,148.19000244140625,148.60000610351562,152.42999267578125,3453100.0,143.63299560546875
2016-11-16,154.75,151.69000244140625,151.69000244140625,153.33999633789062,2000900.0,144.49044799804688
2016-11-17,155.25,153.4499969482422,154.02999877929688,154.8000030517578,1517500.0,145.8662109375
2016-11-18,155.74000549316406,154.0500030517578,154.74000549316406,155.16000366210938,1875600.0,146.20547485351562
2016-11-21,158.0,155.16000366210938,155.16000366210938,157.38999938964844,1742200.0,148.3067169189453
2016-11-22,158.19000244140625,155.22000122070312,157.75,156.50999450683594,1430400.0,147.47752380371094
2016-11-23,156.9600067138672,153.94000244140625,156.1699981689453,154.57000732421875,1297900.0,145.6494903564453
2016-11-25,156.52000427246094,154.0,154.5500030517578,156.4199981689453,594000.0,147.39273071289062
2016-11-28,157.16000366210938,155.91000366210938,155.99000549316406,156.27000427246094,980900.0,147.25137329101562
2016-11-29,156.97000122070312,155.47999572753906,156.0800018310547,155.8000030517578,1338200.0,146.80848693847656
2016-11-30,155.91000366210938,150.91000366210938,155.83999633789062,151.13999938964844,3313700.0,142.41746520996094
2016-12-01,150.85000610351562,145.00999450683594,150.32000732421875,145.33999633789062,3603600.0,136.95211791992188
2016-12-02,148.63999938964844,144.0,144.89999389648438,146.02000427246094,2641400.0,137.59292602539062
2016-12-05,149.08999633789062,146.17999267578125,146.17999267578125,148.8800048828125,2010700.0,140.2878875732422
2016-12-06,149.52000427246094,147.3000030517578,148.5,147.97999572753906,1573300.0,139.43978881835938
2016-12-07,150.5800018310547,147.61000061035156,148.25,149.89999389648438,1650800.0,141.2489776611328
2016-12-08,151.5399932861328,148.52999877929688,148.66000366210938,151.08999633789062,1262600.0,142.37030029296875
2016-12-09,153.6199951171875,150.97000122070312,150.97000122070312,152.82000732421875,1575300.0,144.00047302246094
2016-12-12,154.25999450683594,152.5800018310547,152.8300018310547,153.41000366210938,1097000.0,144.55641174316406
2016-12-13,155.5800018310547,153.5,153.82000732421875,155.2100067138672,1376200.0,146.2525634765625
2016-12-14,157.58999633789062,154.89999389648438,155.88999938964844,155.58999633789062,1669300.0,146.61062622070312
2016-12-15,156.89999389648438,154.82000732421875,155.0,156.24000549316406,1225700.0,147.22311401367188
2016-12-16,158.17999267578125,156.66000366210938,156.91000366210938,157.77000427246094,2441200.0,148.66481018066406
2016-12-19,158.32000732421875,156.6199951171875,157.72000122070312,156.77000427246094,1580700.0,147.72251892089844
2016-12-20,156.75999450683594,150.16000366210938,156.6999969482422,150.4499969482422,3201300.0,141.76724243164062
2016-12-21,152.9499969482422,150.1999969482422,151.5500030517578,151.7100067138672,1274400.0,142.95452880859375
2016-12-22,150.6699981689453,147.25,150.25,148.74000549316406,2416100.0,140.1559295654297
2016-12-23,151.44000244140625,149.0,149.3000030517578,150.7899932861328,1247300.0,142.08761596679688
2016-12-27,151.74000549316406,150.5800018310547,151.0,151.13999938964844,757400.0,142.41746520996094
2016-12-28,152.5800018310547,150.57000732421875,151.1999969482422,152.38999938964844,1019800.0,143.59530639648438
2016-12-29,153.9199981689453,152.63999938964844,152.74000549316406,153.74000549316406,947600.0,144.8673858642578
2016-12-30,154.1199951171875,152.8800048828125,153.67999267578125,153.30999755859375,1145200.0,144.46218872070312
2017-01-03,155.30999755859375,153.30999755859375,155.00999450683594,154.75,1991400.0,145.819091796875
2017-01-04,158.35000610351562,156.25999450683594,157.14999389648438,157.99000549316406,2972300.0,148.8721160888672
2017-01-05,151.35000610351562,144.0,150.5500030517578,146.75,10511800.0,138.2808074951172
2017-01-06,150.07000732421875,146.39999389648438,146.99000549316406,149.44000244140625,4441900.0,140.81556701660156
2017-01-09,150.89999389648438,149.10000610351562,150.0,150.27000427246094,2129600.0,141.59762573242188
2017-01-10,150.27000427246094,149.0800018310547,150.0,149.24000549316406,2152800.0,140.6270751953125
2017-01-11,150.14999389648438,148.4199981689453,149.0,149.0,1835800.0,140.4009552001953
2017-01-12,148.5,146.7100067138672,148.5,147.52999877929688,1973700.0,139.01577758789062
2017-01-13,149.69000244140625,147.35000610351562,147.7100067138672,149.27999877929688,1721700.0,140.66477966308594
2017-01-17,156.75,151.2899932861328,151.2899932861328,153.72999572753906,3708600.0,144.8579559326172
2017-01-18,154.19000244140625,150.33999633789062,153.64999389648438,150.47999572753906,2263100.0,141.7955322265625
2017-01-19,150.92999267578125,149.0800018310547,150.92999267578125,149.58999633789062,1560100.0,140.95684814453125
2017-01-20,150.33999633789062,148.32000732421875,149.5399932861328,150.0800018310547,1973800.0,141.41860961914062
2017-01-23,153.66000366210938,150.0500030517578,150.10000610351562,151.5500030517578,2470200.0,142.8037872314453
2017-01-24,153.3699951171875,150.58999633789062,151.2899932861328,153.0500030517578,1899500.0,144.2172088623047
2017-01-25,154.36000061035156,152.6999969482422,153.3800048828125,154.08999633789062,2177500.0,145.1971893310547
2017-01-26,154.61000061035156,149.8000030517578,153.77999877929688,149.97000122070312,2790500.0,141.31494140625
2017-01-27,150.0,148.0,149.10000610351562,148.9199981689453,2712500.0,140.32559204101562
2017-01-30,149.36000061035156,146.99000549316406,149.36000061035156,148.33999633789062,1566300.0,139.77902221679688
2017-01-31,150.0500030517578,147.9199981689453,148.0,149.75999450683594,1793900.0,141.1170654296875
2017-02-01,151.92999267578125,148.72999572753906,151.75999450683594,149.85000610351562,1700800.0,141.20188903808594
2017-02-02,151.19000244140625,149.0,150.5,149.27000427246094,1290500.0,140.65538024902344
2017-02-03,150.17999267578125,148.77000427246094,149.89999389648438,149.07000732421875,1671500.0,140.4668731689453
2017-02-06,150.1199951171875,148.3800048828125,148.8800048828125,149.77000427246094,940200.0,141.1265106201172
2017-02-07,152.3300018310547,150.1999969482422,150.1999969482422,152.0,1116500.0,143.61134338378906
2017-02-08,154.82000732421875,152.00999450683594,152.00999450683594,154.5800018310547,2274900.0,146.04896545410156
2017-02-09,156.42999267578125,153.39999389648438,154.5800018310547,155.72999572753906,2347500.0,147.13546752929688
2017-02-10,155.91000366210938,154.0399932861328,155.1199951171875,155.4499969482422,1555600.0,146.8709259033203
2017-02-13,155.82000732421875,154.00999450683594,155.36000061035156,155.49000549316406,1969200.0,146.9087371826172
2017-02-14,156.6999969482422,154.7100067138672,155.11000061035156,155.88999938964844,1160200.0,147.2866668701172
2017-02-15,156.30999755859375,155.05999755859375,155.52000427246094,156.2100067138672,941400.0,147.58901977539062
2017-02-16,158.69000244140625,156.16000366210938,156.6699981689453,158.50999450683594,2291800.0,149.76206970214844
2017-02-17,161.77999877929688,157.27000427246094,158.14999389648438,161.32000732421875,2435200.0,152.4169921875
2017-02-21,161.08999633789062,159.3300018310547,160.66000366210938,160.08999633789062,2186300.0,151.2548828125
2017-02-22,160.57000732421875,158.6199951171875,159.38999938964844,160.1999969482422,1160800.0,151.3588104248047
2017-02-23,162.47999572753906,153.27999877929688,160.72999572753906,153.60000610351562,3591900.0,145.12310791015625
2017-02-24,160.5800018310547,153.75,154.05999755859375,158.85000610351562,4422500.0,150.08331298828125
2017-02-27,158.57000732421875,156.6999969482422,158.07000732421875,157.8000030517578,1918700.0,149.09124755859375
2017-02-28,159.47000122070312,157.30999755859375,157.86000061035156,158.80999755859375,1528600.0,150.04551696777344
2017-03-01,160.64999389648438,158.97000122070312,160.08999633789062,159.61000061035156,1523800.0,150.8013458251953
2017-03-02,159.60000610351562,158.0500030517578,159.60000610351562,158.42999267578125,961700.0,149.68649291992188
2017-03-03,158.9600067138672,157.89999389648438,158.32000732421875,158.75999450683594,1364800.0,149.99827575683594
2017-03-06,159.13999938964844,157.50999450683594,158.6999969482422,157.8000030517578,1382500.0,149.09124755859375
2017-03-07,158.3699951171875,156.4499969482422,157.5,157.2100067138672,1460700.0,148.53378295898438
2017-03-08,156.94000244140625,155.36000061035156,156.4499969482422,156.3800048828125,1416800.0,147.74964904785156
2017-03-09,156.75,155.11000061035156,156.72000122070312,155.7899932861328,990000.0,147.19219970703125
2017-03-10,157.57000732421875,156.1999969482422,156.63999938964844,157.55999755859375,999900.0,148.86448669433594
2017-03-13,158.4499969482422,156.16000366210938,156.61000061035156,158.38999938964844,1251400.0,149.64869689941406
2017-03-14,159.3300018310547,157.50999450683594,157.9499969482422,159.1199951171875,1030100.0,150.33839416503906
2017-03-15,162.33999633789062,159.27999877929688,159.27999877929688,162.1199951171875,1773600.0,153.1728515625
2017-03-16,162.57000732421875,161.27999877929688,161.91000366210938,162.0399932861328,1044800.0,153.09725952148438
2017-03-17,162.9199981689453,161.33999633789062,162.77000427246094,161.75,2301000.0,152.8232421875
2017-03-20,162.77999877929688,161.32000732421875,161.80999755859375,162.5500030517578,814800.0,153.5791015625
2017-03-21,165.8800048828125,163.08999633789062,163.58999633789062,164.61000061035156,2345700.0,155.5254364013672
2017-03-22,165.3000030517578,163.22000122070312,164.47999572753906,164.1999969482422,920700.0,155.13807678222656
2017-03-23,164.0399932861328,162.1699981689453,163.49000549316406,162.72000122070312,1056500.0,153.73974609375
2017-03-24,164.33999633789062,162.67999267578125,162.82000732421875,164.05999755859375,1151600.0,155.0057830810547
2017-03-27,163.97999572753906,162.5399932861328,163.39999389648438,163.67999267578125,1288900.0,154.646728515625
2017-03-28,163.02000427246094,160.9600067138672,161.4600067138672,162.42999267578125,1225900.0,153.46572875976562
2017-03-29,163.75999450683594,161.66000366210938,162.13999938964844,163.69000244140625,820900.0,154.65618896484375
2017-03-30,163.88999938964844,162.17999267578125,163.75,162.44000244140625,1028900.0,153.4751739501953
2017-03-31,163.41000366210938,161.6199951171875,162.3800048828125,162.07000732421875,1229600.0,153.1256103515625
2017-04-03,162.4600067138672,160.72000122070312,162.07000732421875,161.66000366210938,1283100.0,152.73825073242188
2017-04-04,162.07000732421875,160.52999877929688,161.66000366210938,161.50999450683594,1205100.0,152.5964813232422
2017-04-05,163.1999969482422,160.75999450683594,161.75,161.39999389648438,1858900.0,152.4925537109375
2017-04-06,175.42999267578125,169.30999755859375,169.39999389648438,171.77000427246094,5960200.0,162.29026794433594
2017-04-07,174.89999389648438,170.2899932861328,172.0,170.3699951171875,2584900.0,160.967529296875
2017-04-10,171.8000030517578,169.7100067138672,170.74000549316406,171.27000427246094,1453400.0,161.81785583496094
2017-04-11,171.8699951171875,169.6300048828125,171.22999572753906,170.35000610351562,1030800.0,160.94866943359375
2017-04-12,170.4600067138672,169.27000427246094,169.8800048828125,169.9600067138672,1234600.0,160.58018493652344
2017-04-13,170.17999267578125,168.44000244140625,169.89999389648438,168.9499969482422,1358800.0,159.6259002685547
2017-04-17,171.10000610351562,168.7100067138672,170.86000061035156,170.1199951171875,1342200.0,160.7313232421875
2017-04-18,172.4499969482422,169.82000732421875,170.0,172.2100067138672,1231500.0,162.7060089111328
2017-04-19,173.14999389648438,171.4499969482422,172.27999877929688,171.94000244140625,1030400.0,162.4508819580078
2017-04-20,173.1699981689453,171.44000244140625,172.0500030517578,172.9499969482422,966300.0,163.4051513671875
2017-04-21,172.8800048828125,171.3699951171875,172.47000122070312,172.08999633789062,992800.0,162.59262084960938
2017-04-24,173.52000427246094,172.5500030517578,172.8699951171875,173.02999877929688,1074200.0,163.48069763183594
2017-04-25,173.61000061035156,172.52000427246094,173.0,172.5399932861328,1410700.0,163.01776123046875
2017-04-26,173.30999755859375,169.6999969482422,172.82000732421875,170.47999572753906,1978400.0,161.07147216796875
2017-04-27,172.1699981689453,170.58999633789062,171.50999450683594,171.05999755859375,1088400.0,161.61947631835938
2017-04-28,172.72999572753906,170.35000610351562,171.0,172.5399932861328,1083700.0,163.01776123046875
2017-05-01,173.19000244140625,171.83999633789062,173.0,172.07000732421875,538800.0,162.57371520996094
2017-05-02,175.5500030517578,172.4600067138672,172.82000732421875,174.5800018310547,1521000.0,164.94520568847656
2017-05-03,174.7100067138672,172.50999450683594,174.7100067138672,173.74000549316406,853600.0,164.15158081054688
2017-05-04,177.52000427246094,173.74000549316406,173.74000549316406,177.1999969482422,1338000.0,167.42059326171875
2017-05-05,178.66000366210938,176.22000122070312,177.9499969482422,178.50999450683594,1224600.0,168.6582794189453
2017-05-08,179.85000610351562,177.22999572753906,178.60000610351562,179.52000427246094,1149400.0,170.1080780029297
2017-05-09,179.52000427246094,177.4499969482422,179.42999267578125,177.77000427246094,1126500.0,168.4498291015625
2017-05-10,178.13999938964844,177.0800018310547,178.13999938964844,177.57000732421875,937200.0,168.26031494140625
2017-05-11,178.52000427246094,176.92999267578125,177.7899932861328,178.2899932861328,1043600.0,168.94261169433594
2017-05-12,178.8699951171875,177.6999969482422,178.1300048828125,178.57000732421875,607000.0,169.20790100097656
2017-05-15,180.35000610351562,178.2899932861328,178.60000610351562,180.27999877929688,1195000.0,170.82821655273438
2017-05-16,183.86000061035156,181.52000427246094,182.6999969482422,182.2100067138672,2515100.0,172.6570587158203
2017-05-17,182.8699951171875,180.61000061035156,182.2100067138672,180.67999267578125,1087600.0,171.20726013183594
2017-05-18,181.27999877929688,178.99000549316406,180.88999938964844,180.83999633789062,1262300.0,171.3588409423828
2017-05-19,184.24000549316406,181.05999755859375,181.4499969482422,182.94000244140625,1043300.0,173.3488006591797
2017-05-22,184.72999572753906,182.7899932861328,183.0,184.13999938964844,1213000.0,174.48587036132812
2017-05-23,186.05999755859375,180.16000366210938,184.69000244140625,180.86000061035156,2984100.0,171.37782287597656
2017-05-24,180.80999755859375,177.25999450683594,180.80999755859375,178.8300018310547,2613600.0,169.45425415039062
2017-05-25,181.9199981689453,178.49000549316406,180.02000427246094,180.13999938964844,1606900.0,170.69557189941406
2017-05-26,181.49000549316406,179.49000549316406,179.60000610351562,180.92999267578125,583000.0,171.44415283203125
2017-05-30,181.2899932861328,179.49000549316406,180.02999877929688,180.50999450683594,1416500.0,171.0461883544922
2017-05-31,182.9499969482422,180.52000427246094,180.89999389648438,182.75,1577700.0,173.16873168945312
2017-06-01,184.69000244140625,182.38999938964844,183.32000732421875,184.69000244140625,1044100.0,175.0070343017578
2017-06-02,186.4600067138672,184.1699981689453,185.72000122070312,184.77000427246094,758300.0,175.08282470703125
2017-06-05,184.86000061035156,182.5399932861328,184.24000549316406,184.50999450683594,716800.0,174.83645629882812
2017-06-06,186.5500030517578,184.25999450683594,184.50999450683594,185.8300018310547,1140400.0,176.08724975585938
2017-06-07,185.94000244140625,183.00999450683594,185.00999450683594,184.5399932861328,1139700.0,174.86488342285156
2017-06-08,184.5399932861328,181.75999450683594,184.5399932861328,183.4499969482422,1190200.0,173.83203125
2017-06-09,184.39999389648438,180.9499969482422,183.82000732421875,181.0,1474200.0,171.51046752929688
2017-06-12,181.17999267578125,176.2100067138672,180.82000732421875,179.13999938964844,1975100.0,169.7480010986328
2017-06-13,179.89999389648438,178.47000122070312,179.52000427246094,179.5500030517578,1193600.0,170.13653564453125
2017-06-14,181.3699951171875,179.5,180.82000732421875,179.89999389648438,1340800.0,170.46817016601562
2017-06-15,180.77999877929688,178.57000732421875,179.22000122070312,180.3000030517578,785300.0,170.8472137451172
2017-06-16,181.2899932861328,179.5,180.3300018310547,180.8800048828125,1108800.0,171.39678955078125
2017-06-19,183.7100067138672,180.1300048828125,180.88999938964844,183.27999877929688,1174100.0,173.6709442138672
2017-06-20,185.42999267578125,183.69000244140625,183.72999572753906,184.5500030517578,1052400.0,174.87437438964844
2017-06-21,185.2100067138672,183.35000610351562,184.39999389648438,184.5,926800.0,174.82699584960938
2017-06-22,185.19000244140625,183.39999389648438,184.49000549316406,184.11000061035156,852700.0,174.4573974609375
2017-06-23,185.77000427246094,183.5399932861328,184.1699981689453,184.57000732421875,1100000.0,174.89334106445312
2017-06-26,185.00999450683594,182.33999633789062,184.97000122070312,182.47000122070312,1187500.0,172.9034423828125
2017-06-27,182.7100067138672,180.4600067138672,181.30999755859375,182.27999877929688,1302000.0,172.723388671875
2017-06-28,184.7100067138672,181.89999389648438,183.22999572753906,183.67999267578125,2145500.0,174.04995727539062
2017-06-29,197.41000366210938,192.05999755859375,197.3300018310547,192.7899932861328,6167200.0,182.68235778808594
2017-06-30,196.6699981689453,193.02999877929688,194.6300048828125,193.72999572753906,3097500.0,183.57308959960938
2017-07-03,194.5800018310547,191.67999267578125,194.13999938964844,191.72999572753906,969100.0,181.67791748046875
2017-07-05,194.80999755859375,191.05999755859375,191.41000366210938,193.9199981689453,1450500.0,183.75311279296875
2017-07-06,194.58999633789062,192.60000610351562,192.88999938964844,193.75999450683594,1187000.0,183.6014862060547
2017-07-07,194.50999450683594,192.86000061035156,194.2899932861328,193.52000427246094,723500.0,183.3740997314453
2017-07-10,194.9600067138672,192.89999389648438,194.1199951171875,193.82000732421875,914300.0,183.6583709716797
2017-07-11,194.0800018310547,192.5,193.64999389648438,193.88999938964844,873300.0,183.72467041015625
2017-07-12,197.86000061035156,194.49000549316406,195.0,197.10000610351562,1592000.0,186.76641845703125
2017-07-13,197.6199951171875,195.5399932861328,197.5500030517578,196.25,955900.0,185.9609832763672
2017-07-14,198.4600067138672,196.52999877929688,196.60000610351562,198.32000732421875,736200.0,187.9224853515625
2017-07-17,199.63999938964844,196.3699951171875,198.41000366210938,196.60000610351562,1817700.0,186.29263305664062
2017-07-18,198.17999267578125,196.39999389648438,197.0,197.17999267578125,1541200.0,186.84219360351562
2017-07-19,198.3699951171875,196.0,197.50999450683594,198.3000030517578,986800.0,187.90347290039062
2017-07-20,199.88999938964844,197.0,198.52999877929688,198.1199951171875,1575800.0,187.73291015625
2017-07-21,198.67999267578125,196.92999267578125,197.5800018310547,198.52000427246094,707900.0,188.11196899414062
2017-07-24,197.08999633789062,195.52000427246094,196.5399932861328,196.0,1285200.0,185.72409057617188
2017-07-25,196.0,193.63999938964844,196.0,193.6699981689453,1488000.0,183.51622009277344
2017-07-26,195.10000610351562,193.07000732421875,194.5500030517578,193.3800048828125,1636400.0,183.24142456054688
2017-07-27,195.75999450683594,193.02000427246094,194.24000549316406,194.4600067138672,1627300.0,184.26483154296875
2017-07-28,195.88999938964844,194.11000061035156,194.77999877929688,194.58999633789062,807800.0,184.3880157470703
2017-07-31,194.8000030517578,192.86000061035156,194.39999389648438,193.35000610351562,1528300.0,183.2130126953125
2017-08-01,196.30999755859375,194.0800018310547,194.22000122070312,194.75,1551100.0,184.53961181640625
2017-08-02,195.27999877929688,191.7100067138672,195.10000610351562,193.50999450683594,1746800.0,183.3646240234375
2017-08-03,194.91000366210938,192.91000366210938,194.0,193.0399932861328,749700.0,182.91925048828125
2017-08-04,194.4499969482422,192.10000610351562,193.22999572753906,193.82000732421875,744100.0,183.6583709716797
2017-08-07,195.2100067138672,193.00999450683594,193.64999389648438,194.97000122070312,773800.0,185.24502563476562
2017-08-08,196.32000732421875,193.83999633789062,195.0399932861328,194.67999267578125,878100.0,184.9695281982422
2017-08-09,195.63999938964844,193.5500030517578,194.3000030517578,195.38999938964844,937300.0,185.6441192626953
2017-08-10,196.49000549316406,193.9199981689453,195.25,194.69000244140625,1036500.0,184.9790496826172
2017-08-11,197.7100067138672,194.97999572753906,195.0,195.64999389648438,897800.0,185.89114379882812
2017-08-14,198.47999572753906,196.22000122070312,197.0500030517578,197.19000244140625,941300.0,187.35435485839844
2017-08-15,198.77000427246094,196.16000366210938,197.17999267578125,198.6999969482422,775600.0,188.7890625
2017-08-16,199.33999633789062,198.08999633789062,199.0,198.57000732421875,866400.0,188.66551208496094
2017-08-17,199.2899932861328,196.94000244140625,198.63999938964844,197.0800018310547,780400.0,187.2498016357422
2017-08-18,198.39999389648438,195.88999938964844,196.66000366210938,197.8800048828125,776100.0,188.0099334716797
2017-08-21,198.49000549316406,196.94000244140625,198.1699981689453,198.1199951171875,702300.0,188.23794555664062
2017-08-22,198.75,195.9600067138672,198.16000366210938,196.74000549316406,941000.0,186.92677307128906
2017-08-23,197.6199951171875,196.00999450683594,196.72999572753906,196.72999572753906,418200.0,186.9172821044922
2017-08-24,199.7899932861328,196.0800018310547,198.41000366210938,196.8800048828125,1267500.0,187.05979919433594
2017-08-25,199.3300018310547,196.88999938964844,197.44000244140625,198.32000732421875,689200.0,188.42799377441406
2017-08-28,199.3300018310547,197.1199951171875,198.5,197.8800048828125,1336100.0,188.0099334716797
2017-08-29,199.0800018310547,197.25,197.27999877929688,198.39999389648438,715900.0,188.5039520263672
2017-08-30,200.0,198.2100067138672,198.39999389648438,199.5399932861328,1127300.0,189.58709716796875
2017-08-31,200.63999938964844,199.39999389648438,199.72999572753906,200.10000610351562,1937500.0,190.11920166015625
2017-09-01,200.8000030517578,198.1999969482422,200.5500030517578,200.22999572753906,992600.0,190.24269104003906
2017-09-05,201.1999969482422,198.97000122070312,200.1199951171875,201.08999633789062,1074400.0,191.059814453125
2017-09-06,202.7100067138672,197.80999755859375,201.38999938964844,202.52000427246094,2060000.0,192.41848754882812
2017-09-07,203.75,201.1300048828125,202.9600067138672,202.2100067138672,814800.0,192.1239471435547
2017-09-08,203.55999755859375,202.16000366210938,202.16000366210938,202.38999938964844,846500.0,192.29495239257812
2017-09-11,204.47000122070312,202.77999877929688,203.35000610351562,203.6999969482422,1015500.0,193.5396270751953
2017-09-12,205.1199951171875,203.58999633789062,203.67999267578125,204.6199951171875,1287100.0,194.4137420654297
2017-09-13,204.8800048828125,203.8699951171875,204.60000610351562,204.4499969482422,1191400.0,194.2522430419922
2017-09-14,204.6699981689453,204.11000061035156,204.4600067138672,204.3800048828125,812500.0,194.18572998046875
2017-09-15,204.5500030517578,203.27999877929688,204.5,203.39999389648438,1399000.0,193.2545623779297
2017-09-18,204.9499969482422,203.24000549316406,203.52000427246094,203.89999389648438,828500.0,193.72964477539062
2017-09-19,204.27999877929688,201.7899932861328,203.9199981689453,202.3300018310547,1200600.0,192.2379608154297
2017-09-20,202.9499969482422,200.25999450683594,202.0800018310547,201.77000427246094,831900.0,191.7058868408203
2017-09-21,202.10000610351562,200.74000549316406,201.7100067138672,201.02000427246094,645500.0,190.99331665039062
2017-09-22,201.97999572753906,200.67999267578125,201.39999389648438,201.80999755859375,736800.0,191.743896484375
2017-09-25,202.36000061035156,199.82000732421875,201.97999572753906,200.61000061035156,628200.0,190.60377502441406
2017-09-26,201.6999969482422,197.32000732421875,200.0,200.4499969482422,1309600.0,190.45175170898438
2017-09-27,200.91000366210938,198.25,200.4499969482422,199.8000030517578,1283300.0,189.83416748046875
2017-09-28,199.91000366210938,197.52000427246094,199.1999969482422,199.3000030517578,1906800.0,189.3590850830078
2017-09-29,200.6999969482422,199.0800018310547,199.35000610351562,199.4499969482422,1253800.0,189.50161743164062
2017-10-02,202.7100067138672,199.27999877929688,200.38999938964844,199.35000610351562,2017400.0,189.40660095214844
2017-10-03,200.7899932861328,198.44000244140625,199.55999755859375,199.0800018310547,1960000.0,189.1500701904297
2017-10-04,202.25,199.27000427246094,199.9499969482422,201.17999267578125,3141400.0,191.1453399658203
2017-10-05,213.39999389648438,207.0,211.75,209.25,4951900.0,198.8127899169922
2017-10-06,210.25,207.38999938964844,209.27999877929688,210.11000061035156,1776900.0,199.62991333007812
2017-10-09,210.2899932861328,207.8300018310547,209.85000610351562,208.19000244140625,745600.0,197.80563354492188
2017-10-10,208.60000610351562,205.3000030517578,205.3800048828125,207.9600067138672,1670000.0,197.58714294433594
2017-10-11,209.08999633789062,207.33999633789062,208.35000610351562,207.74000549316406,972300.0,197.3781280517578
2017-10-12,208.55999755859375,207.10000610351562,207.80999755859375,207.39999389648438,1321700.0,197.05508422851562
2017-10-13,208.85000610351562,205.85000610351562,208.07000732421875,208.55999755859375,1011600.0,198.1571807861328
2017-10-16,211.05999755859375,208.10000610351562,208.63999938964844,210.4499969482422,1218300.0,199.95294189453125
2017-10-17,213.89999389648438,209.8699951171875,210.11000061035156,213.63999938964844,2758600.0,202.9838409423828
2017-10-18,214.52999877929688,210.92999267578125,213.60000610351562,211.7899932861328,1255100.0,201.22608947753906
2017-10-19,212.72000122070312,210.3699951171875,211.72999572753906,211.97999572753906,977600.0,201.40663146972656
2017-10-20,212.3000030517578,210.9199981689453,212.10000610351562,211.25,1191500.0,200.7130584716797
2017-10-23,212.27000427246094,210.75,211.91000366210938,211.7100067138672,598800.0,201.15011596679688
2017-10-24,212.9600067138672,211.5,211.8699951171875,212.64999389648438,1092300.0,202.043212890625
2017-10-25,213.80999755859375,211.52000427246094,213.1999969482422,212.47999572753906,900400.0,201.88168334960938
2017-10-26,213.17999267578125,211.32000732421875,212.5800018310547,211.74000549316406,836100.0,201.17860412597656
2017-10-27,212.6999969482422,210.39999389648438,212.02000427246094,211.89999389648438,801400.0,201.33059692382812
2017-10-30,214.5,211.61000061035156,213.9199981689453,213.0,1082400.0,202.37576293945312
2017-10-31,219.2899932861328,214.0,214.25,219.08999633789062,1727300.0,208.1619873046875
2017-11-01,219.55999755859375,215.86000061035156,219.3699951171875,216.0,1152700.0,205.22610473632812
2017-11-02,216.44000244140625,213.57000732421875,215.52999877929688,214.32000732421875,1043300.0,203.62989807128906
2017-11-03,216.80999755859375,214.52000427246094,214.52000427246094,215.91000366210938,853200.0,205.140625
2017-11-06,216.72999572753906,215.0500030517578,215.75999450683594,215.8000030517578,789600.0,205.53109741210938
2017-11-07,216.50999450683594,214.82000732421875,215.94000244140625,215.47999572753906,1556200.0,205.226318359375
2017-11-08,217.88999938964844,215.30999755859375,215.99000549316406,217.6300048828125,1757500.0,207.27403259277344
2017-11-09,218.4199981689453,216.52999877929688,217.5,218.1300048828125,616300.0,207.7501983642578
2017-11-10,219.0,217.80999755859375,218.5,218.6699981689453,672100.0,208.2645263671875
2017-11-13,221.5,218.6699981689453,219.0,220.75999450683594,885400.0,210.2550506591797
2017-11-14,221.1199951171875,217.6199951171875,220.7899932861328,218.08999633789062,1064600.0,207.71212768554688
2017-11-15,227.1999969482422,215.7899932861328,219.3300018310547,217.16000366210938,1254600.0,206.8263702392578
2017-11-16,219.25999450683594,217.17999267578125,218.52999877929688,217.33999633789062,1233800.0,206.99781799316406
2017-11-17,217.25,215.27000427246094,217.17999267578125,216.2899932861328,880400.0,205.99774169921875
2017-11-20,217.86000061035156,216.35000610351562,216.8000030517578,217.5800018310547,1108000.0,207.22637939453125
2017-11-21,220.32000732421875,217.5500030517578,217.8300018310547,219.75999450683594,860800.0,209.30264282226562
2017-11-22,220.69000244140625,218.07000732421875,219.9499969482422,220.4499969482422,616600.0,209.95980834960938
2017-11-24,221.8800048828125,219.9600067138672,220.92999267578125,221.8800048828125,303000.0,211.32179260253906
2017-11-27,221.99000549316406,219.75,221.80999755859375,220.1199951171875,812000.0,209.64553833007812
2017-11-28,221.11000061035156,218.80999755859375,220.19000244140625,220.02000427246094,1117900.0,209.55027770996094
2017-11-29,221.08999633789062,212.6699981689453,220.49000549316406,214.36000061035156,1560100.0,204.1595916748047
2017-11-30,217.89999389648438,213.0800018310547,214.3699951171875,217.58999633789062,1542100.0,207.2358856201172
2017-12-01,218.77000427246094,215.85000610351562,217.66000366210938,218.60000610351562,1082200.0,208.1978302001953
2017-12-04,219.49000549316406,214.3300018310547,219.19000244140625,216.33999633789062,1699300.0,206.04539489746094
2017-12-05,217.9199981689453,215.8300018310547,216.35000610351562,216.82000732421875,1123600.0,206.5025634765625
2017-12-06,218.8699951171875,216.74000549316406,217.3300018310547,216.92999267578125,964200.0,206.60733032226562
2017-12-07,218.38999938964844,216.6199951171875,217.2899932861328,216.85000610351562,886300.0,206.53114318847656
2017-12-08,218.02000427246094,216.8699951171875,217.32000732421875,217.97999572753906,1342600.0,207.60736083984375
2017-12-11,219.86000061035156,215.94000244140625,219.6999969482422,219.3699951171875,1357100.0,208.9311981201172
2017-12-12,223.4600067138672,218.3800048828125,220.1199951171875,220.00999450683594,1693800.0,209.54074096679688
2017-12-13,220.8300018310547,217.9600067138672,219.8300018310547,218.5800018310547,1104800.0,208.17877197265625
2017-12-14,224.3800048828125,219.00999450683594,219.22999572753906,222.75,1319800.0,212.150390625
2017-12-15,224.83999633789062,221.47999572753906,224.27000427246094,224.44000244140625,2446400.0,213.7599639892578
2017-12-18,226.33999633789062,221.5,224.61000061035156,222.4199981689453,1453100.0,211.83609008789062
2017-12-19,224.50999450683594,222.6300048828125,223.2100067138672,223.22999572753906,1366700.0,212.60752868652344
2017-12-20,223.91000366210938,221.0500030517578,223.22000122070312,223.50999450683594,1193100.0,212.8741912841797
2017-12-21,225.47000122070312,223.17999267578125,224.3300018310547,224.60000610351562,977000.0,213.91232299804688
2017-12-22,224.97000122070312,222.08999633789062,224.7899932861328,223.80999755859375,949700.0,213.15992736816406
2017-12-26,226.3300018310547,223.50999450683594,224.36000061035156,225.50999450683594,1545600.0,214.7790069580078
2017-12-27,226.36000061035156,223.5800018310547,225.77999877929688,225.97999572753906,1348000.0,215.22666931152344
2017-12-28,228.97999572753906,225.58999633789062,228.49000549316406,227.97999572753906,1866500.0,217.13150024414062
2017-12-29,229.4199981689453,227.0,228.1199951171875,228.57000732421875,1827900.0,217.69345092773438
2018-01-02,229.4600067138672,225.80999755859375,229.0,226.55999755859375,2346900.0,215.77906799316406
2018-01-03,228.77999877929688,226.00999450683594,226.6999969482422,227.5,1715100.0,216.67433166503906
2018-01-04,229.5,224.7100067138672,228.36000061035156,225.7899932861328,2784500.0,215.04568481445312
2018-01-05,222.86000061035156,216.25,220.4499969482422,219.8800048828125,10175300.0,209.4169158935547
2018-01-08,220.16000366210938,214.0,219.8800048828125,216.83999633789062,4978400.0,206.5216064453125
2018-01-09,222.5500030517578,216.5,216.77000427246094,222.0800018310547,2331400.0,211.5122528076172
2018-01-10,221.92999267578125,218.25,221.7899932861328,219.36000061035156,3418500.0,208.92169189453125
2018-01-11,220.9199981689453,218.39999389648438,219.77999877929688,219.0500030517578,2096000.0,208.62643432617188
2018-01-12,219.97999572753906,216.88999938964844,219.5,217.52000427246094,4266200.0,207.1692657470703
2018-01-16,220.0,217.1999969482422,217.9499969482422,217.75999450683594,2205200.0,207.39781188964844
2018-01-17,220.19000244140625,217.9499969482422,218.02000427246094,219.22000122070312,1924000.0,208.788330078125
2018-01-18,219.8699951171875,215.41000366210938,219.38999938964844,217.2899932861328,1962600.0,206.95016479492188
2018-01-19,219.57000732421875,217.61000061035156,218.0,218.27999877929688,2235200.0,207.89308166503906
2018-01-22,219.80999755859375,217.97000122070312,217.97000122070312,219.32000732421875,1699000.0,208.8835906982422
2018-01-23,221.0800018310547,218.35000610351562,219.07000732421875,220.77999877929688,1609900.0,210.2740936279297
2018-01-24,223.50999450683594,219.6699981689453,221.22000122070312,222.02999877929688,2354800.0,211.46461486816406
2018-01-25,223.2899932861328,220.99000549316406,222.8300018310547,221.30999755859375,1429300.0,210.7788848876953
2018-01-26,223.8800048828125,221.0800018310547,221.52000427246094,223.63999938964844,1329300.0,212.9980010986328
2018-01-29,223.85000610351562,220.66000366210938,223.33999633789062,220.74000549316406,1304500.0,210.23602294921875
2018-01-30,221.24000549316406,218.02000427246094,219.74000549316406,220.0500030517578,1006100.0,209.578857421875
2018-01-31,221.63999938964844,219.1300048828125,220.3699951171875,219.47000122070312,1670400.0,209.0264434814453
2018-02-01,221.17999267578125,218.69000244140625,219.19000244140625,220.69000244140625,986000.0,210.1884002685547
2018-02-02,220.60000610351562,215.11000061035156,219.66000366210938,215.88999938964844,1745200.0,205.6168212890625
2018-02-05,216.3699951171875,210.22000122070312,214.39999389648438,211.0,1994600.0,200.95948791503906
2018-02-06,217.14999389648438,207.77000427246094,208.57000732421875,216.2899932861328,2718300.0,205.99774169921875
2018-02-07,217.49000549316406,214.0500030517578,215.75,214.14999389648438,1791700.0,203.95957946777344
2018-02-08,215.75,208.63999938964844,214.27999877929688,208.72999572753906,2242700.0,199.28143310546875
2018-02-09,211.9600067138672,204.60000610351562,211.05999755859375,210.25999450683594,2881800.0,200.74217224121094
2018-02-12,215.3000030517578,211.00999450683594,211.00999450683594,213.00999450683594,3131600.0,203.36767578125
2018-02-13,214.80999755859375,211.25,213.11000061035156,213.47000122070312,1411700.0,203.80685424804688
2018-02-14,215.1699981689453,211.49000549316406,212.97999572753906,214.0,1204800.0,204.3128662109375
2018-02-15,217.02000427246094,213.07000732421875,214.58999633789062,216.80999755859375,1487400.0,206.99563598632812
2018-02-16,220.1999969482422,216.47999572753906,216.69000244140625,219.4499969482422,1499300.0,209.51612854003906
2018-02-20,219.5399932861328,216.8800048828125,218.27999877929688,217.3300018310547,1020500.0,207.4921112060547
2018-02-21,220.64999389648438,209.02000427246094,218.3300018310547,213.7899932861328,2879500.0,204.11236572265625
2018-02-22,217.0,212.69000244140625,214.2899932861328,213.11000061035156,1583400.0,203.46315002441406
2018-02-23,217.47000122070312,212.91000366210938,214.0,217.4600067138672,1498600.0,207.6162567138672
2018-02-26,218.82000732421875,215.8000030517578,217.4499969482422,218.0399932861328,1148700.0,208.16995239257812
2018-02-27,219.77000427246094,216.52000427246094,217.47999572753906,218.0500030517578,2150000.0,208.17953491210938
2018-02-28,219.39999389648438,215.47999572753906,219.32000732421875,215.47999572753906,1314100.0,205.72584533691406
2018-03-01,216.77000427246094,213.5800018310547,216.24000549316406,215.9499969482422,1541300.0,206.17459106445312
2018-03-02,220.0399932861328,213.9199981689453,215.67999267578125,219.83999633789062,1643400.0,209.8885040283203
2018-03-05,219.6999969482422,217.50999450683594,218.3800048828125,219.52000427246094,1042400.0,209.58297729492188
2018-03-06,223.13999938964844,219.0,219.97999572753906,222.55999755859375,1200900.0,212.48538208007812
2018-03-07,224.27000427246094,219.49000549316406,220.1300048828125,223.91000366210938,1384500.0,213.77427673339844
2018-03-08,228.25,224.05999755859375,224.88999938964844,227.6999969482422,1553100.0,217.39271545410156
2018-03-09,230.35000610351562,227.80999755859375,228.8699951171875,230.33999633789062,1766600.0,219.9132080078125
2018-03-12,231.8300018310547,228.69000244140625,230.5,230.14999389648438,1760000.0,219.7318115234375
2018-03-13,230.39999389648438,227.11000061035156,230.27999877929688,227.94000244140625,1119200.0,217.62184143066406
2018-03-14,228.52999877929688,225.77000427246094,228.3800048828125,227.38999938964844,672200.0,217.0967254638672
2018-03-15,229.0,226.41000366210938,227.52999877929688,226.88999938964844,1048900.0,216.619384765625
2018-03-16,229.19000244140625,226.16000366210938,227.52000427246094,228.5399932861328,1263500.0,218.1947021484375
2018-03-19,228.27000427246094,225.1699981689453,228.0399932861328,226.35000610351562,891300.0,216.10382080078125
2018-03-20,228.49000549316406,225.52999877929688,226.83999633789062,227.61000061035156,982500.0,217.30679321289062
2018-03-21,228.0500030517578,225.4199981689453,228.0500030517578,226.07000732421875,1350500.0,215.83648681640625
2018-03-22,226.88999938964844,223.9199981689453,225.67999267578125,224.22999572753906,1101400.0,214.0797882080078
2018-03-23,225.22999572753906,219.6300048828125,224.36000061035156,220.9199981689453,2232800.0,210.9196319580078
2018-03-26,224.0500030517578,218.8800048828125,222.69000244140625,220.35000610351562,1839800.0,210.3754425048828
2018-03-27,222.89999389648438,217.5800018310547,221.32000732421875,218.47000122070312,1851600.0,208.58050537109375
2018-03-28,221.77000427246094,217.25,218.47000122070312,220.49000549316406,1836600.0,210.5090789794922
2018-03-29,230.89999389648438,224.00999450683594,229.89999389648438,227.9199981689453,4307500.0,217.6027374267578
2018-04-02,229.8000030517578,226.49000549316406,229.47999572753906,228.16000366210938,2385200.0,217.83187866210938
2018-04-03,227.0,224.1999969482422,226.32000732421875,225.08999633789062,2757000.0,214.90084838867188
2018-04-04,227.4199981689453,222.60000610351562,224.0,226.4499969482422,1882300.0,216.1992950439453
2018-04-05,231.07000732421875,227.1699981689453,227.61000061035156,229.92999267578125,1900900.0,219.52174377441406
2018-04-06,231.22000122070312,226.89999389648438,229.0,227.19000244140625,1681800.0,216.90579223632812
2018-04-09,228.6999969482422,225.94000244140625,228.0,226.2100067138672,1155100.0,215.97015380859375
2018-04-10,227.67999267578125,225.14999389648438,227.42999267578125,226.07000732421875,870800.0,215.83648681640625
2018-04-11,226.4600067138672,224.0800018310547,225.11000061035156,225.4499969482422,1311100.0,215.24456787109375
2018-04-12,227.61000061035156,224.16000366210938,226.72999572753906,224.22000122070312,1177700.0,214.07022094726562
2018-04-13,225.91000366210938,222.3699951171875,225.30999755859375,223.88999938964844,1261300.0,213.75515747070312
2018-04-16,228.32000732421875,225.47999572753906,226.1300048828125,227.02000427246094,951700.0,216.7434844970703
2018-04-17,233.19000244140625,226.91000366210938,227.64999389648438,231.39999389648438,1530900.0,220.92523193359375
2018-04-18,232.9499969482422,230.82000732421875,231.4600067138672,232.16000366210938,1595300.0,221.6508026123047
2018-04-19,231.8000030517578,228.1999969482422,230.80999755859375,229.6199951171875,1123600.0,219.2257843017578
2018-04-20,229.99000549316406,226.82000732421875,229.30999755859375,227.5800018310547,1183200.0,217.27813720703125
2018-04-23,228.9199981689453,226.66000366210938,227.49000549316406,228.25999450683594,880000.0,217.92735290527344
2018-04-24,229.52999877929688,224.4600067138672,229.32000732421875,226.22999572753906,1025100.0,215.98922729492188
2018-04-25,227.5,224.7899932861328,225.38999938964844,226.8699951171875,828200.0,216.6002960205078
2018-04-26,229.91000366210938,227.5399932861328,228.0,228.72999572753906,774000.0,218.37608337402344
2018-04-27,234.3800048828125,228.44000244140625,228.74000549316406,234.22000122070312,1410400.0,223.61756896972656
2018-04-30,236.6199951171875,232.58999633789062,234.5,233.1300048828125,1341400.0,222.576904296875
2018-05-01,232.82000732421875,227.6999969482422,232.3300018310547,229.67999267578125,954800.0,219.28306579589844
2018-05-02,229.25,224.6999969482422,228.5399932861328,226.8000030517578,2866300.0,216.533447265625
2018-05-03,227.35000610351562,223.7100067138672,226.75999450683594,224.07000732421875,1256100.0,213.92703247070312
2018-05-04,224.2899932861328,219.25999450683594,223.9600067138672,221.27999877929688,1962200.0,211.2633056640625
2018-05-07,223.9199981689453,221.39999389648438,221.47000122070312,223.8000030517578,1395200.0,213.66925048828125
2018-05-08,223.89999389648438,220.63999938964844,222.58999633789062,221.4600067138672,1424300.0,211.4351806640625
2018-05-09,222.75999450683594,218.6199951171875,220.8699951171875,221.97000122070312,1264300.0,212.63258361816406
2018-05-10,223.89999389648438,219.89999389648438,223.77999877929688,220.38999938964844,1631000.0,211.11904907226562
2018-05-11,221.3699951171875,219.5,220.27000427246094,220.22999572753906,1167400.0,210.9657745361328
2018-05-14,222.44000244140625,220.7100067138672,220.8000030517578,221.82000732421875,1739100.0,212.48887634277344
2018-05-15,222.0,219.97999572753906,220.5399932861328,221.77000427246094,1169700.0,212.4409942626953
2018-05-16,224.19000244140625,221.22999572753906,221.91000366210938,221.4600067138672,934500.0,212.14404296875
2018-05-17,223.05999755859375,221.10000610351562,221.7899932861328,222.14999389648438,820900.0,212.8050079345703
2018-05-18,221.88999938964844,219.89999389648438,221.0,220.3000030517578,1676700.0,211.03282165527344
2018-05-21,221.2899932861328,218.1999969482422,221.0399932861328,219.33999633789062,1186000.0,210.1132354736328
2018-05-22,219.77999877929688,214.9499969482422,219.44000244140625,215.9199981689453,2164300.0,206.83705139160156
2018-05-23,218.0500030517578,215.39999389648438,215.39999389648438,216.5800018310547,1475700.0,207.46932983398438
2018-05-24,217.3699951171875,214.5,216.6999969482422,216.9600067138672,1244500.0,207.83331298828125
2018-05-25,218.25,216.36000061035156,217.27999877929688,216.80999755859375,994300.0,207.6896209716797
2018-05-29,220.74000549316406,216.75999450683594,216.88999938964844,219.74000549316406,1594300.0,210.49639892578125
2018-05-30,225.75,220.27000427246094,220.5,224.83999633789062,1705100.0,215.3818359375
2018-05-31,224.8300018310547,222.22999572753906,224.8300018310547,223.0800018310547,1302500.0,213.6958770751953
2018-06-01,224.05999755859375,221.83999633789062,223.99000549316406,222.75,1586800.0,213.37979125976562
2018-06-04,226.10000610351562,222.2899932861328,223.3699951171875,225.8300018310547,1609000.0,216.33023071289062
2018-06-05,227.6699981689453,224.60000610351562,226.2899932861328,225.27000427246094,1283500.0,215.79376220703125
2018-06-06,226.72999572753906,223.6300048828125,224.2899932861328,224.36000061035156,1660700.0,214.9220428466797
2018-06-07,225.77000427246094,222.97000122070312,224.17999267578125,223.52999877929688,1070600.0,214.126953125
2018-06-08,228.42999267578125,223.77000427246094,223.9600067138672,227.27999877929688,1072400.0,217.71923828125
2018-06-11,227.5399932861328,225.13999938964844,226.14999389648438,226.08999633789062,1025100.0,216.5792694091797
2018-06-12,230.7100067138672,225.49000549316406,225.49000549316406,229.7100067138672,1532300.0,220.0469970703125
2018-06-13,231.2100067138672,228.5399932861328,229.8800048828125,229.22999572753906,996100.0,219.58718872070312
2018-06-14,232.24000549316406,230.24000549316406,230.4600067138672,232.17999267578125,1098300.0,222.41305541992188
2018-06-15,233.07000732421875,228.91000366210938,230.0,233.02000427246094,2371600.0,223.21775817871094
2018-06-18,232.4600067138672,230.4199981689453,231.86000061035156,232.25999450683594,1082400.0,222.48973083496094
2018-06-19,233.10000610351562,231.44000244140625,232.32000732421875,231.85000610351562,880800.0,222.09695434570312
2018-06-20,234.25999450683594,231.41000366210938,233.27000427246094,231.5,975400.0,221.76168823242188
2018-06-21,233.10000610351562,229.74000549316406,232.80999755859375,231.36000061035156,940700.0,221.6275634765625
2018-06-22,232.8800048828125,230.66000366210938,231.66000366210938,231.52000427246094,1306200.0,221.78085327148438
2018-06-25,231.25,227.22000122070312,231.25,228.0399932861328,1373500.0,218.4472198486328
2018-06-26,232.63999938964844,227.42999267578125,228.91000366210938,229.64999389648438,1232400.0,219.98951721191406
2018-06-27,232.1999969482422,228.22999572753906,228.22999572753906,229.41000366210938,1845000.0,219.7595977783203
2018-06-28,233.0,228.88999938964844,230.0,232.3300018310547,2090900.0,222.5567626953125
2018-06-29,224.13999938964844,215.25,220.61000061035156,218.8699951171875,10214900.0,209.66299438476562
2018-07-02,217.86000061035156,213.6699981689453,216.07000732421875,215.91000366210938,3523600.0,206.8275146484375
2018-07-03,216.30999755859375,212.1300048828125,215.0,214.99000549316406,1205900.0,205.9462127685547
2018-07-05,216.6199951171875,214.32000732421875,215.19000244140625,215.74000549316406,1530300.0,206.66465759277344
2018-07-06,215.94000244140625,214.1300048828125,215.63999938964844,214.97999572753906,1480600.0,205.93661499023438
2018-07-09,219.6999969482422,215.27999877929688,215.42999267578125,218.3000030517578,1645200.0,209.11697387695312
2018-07-10,218.9499969482422,216.05999755859375,217.41000366210938,217.97999572753906,1083300.0,208.8104248046875
2018-07-11,217.80999755859375,215.9199981689453,217.27999877929688,217.35000610351562,979700.0,208.20693969726562
2018-07-12,218.5399932861328,216.67999267578125,218.1999969482422,217.52000427246094,1100900.0,208.36978149414062
2018-07-13,218.1199951171875,215.0399932861328,217.24000549316406,215.5,1962600.0,206.43475341796875
2018-07-16,216.22000122070312,211.9199981689453,215.35000610351562,213.4499969482422,2234700.0,204.47097778320312
2018-07-17,215.3699951171875,213.6199951171875,213.72000122070312,213.85000610351562,1931600.0,204.85418701171875
2018-07-18,214.55999755859375,211.35000610351562,214.0,214.36000061035156,2458400.0,205.3426971435547
2018-07-19,217.33999633789062,213.30999755859375,213.30999755859375,215.82000732421875,1196200.0,206.7412567138672
2018-07-20,217.02000427246094,215.0,215.3000030517578,215.9600067138672,993200.0,206.8754425048828
2018-07-23,216.8800048828125,214.39999389648438,216.0,215.0,893700.0,205.95579528808594
2018-07-24,215.97999572753906,213.6699981689453,215.00999450683594,214.60000610351562,1546000.0,205.57260131835938
2018-07-25,215.72000122070312,214.13999938964844,214.13999938964844,215.14999389648438,1733800.0,206.09945678710938
2018-07-26,215.89999389648438,214.1199951171875,214.9499969482422,214.6300048828125,1552600.0,205.60134887695312
2018-07-27,215.82000732421875,212.94000244140625,214.05999755859375,213.9499969482422,1578300.0,204.949951171875
2018-07-30,214.14999389648438,208.75,212.24000549316406,209.6699981689453,2128300.0,200.84999084472656
2018-07-31,210.8300018310547,208.2899932861328,210.14999389648438,210.22999572753906,2519900.0,201.3864288330078
2018-08-01,210.6699981689453,208.4600067138672,210.13999938964844,208.4600067138672,1556500.0,199.69090270996094
2018-08-02,210.0,207.30999755859375,208.25,207.94000244140625,1588300.0,199.19277954101562
2018-08-03,214.5,205.35000610351562,207.5,214.00999450683594,3461100.0,205.00741577148438
2018-08-06,214.92999267578125,211.64999389648438,213.47999572753906,212.52000427246094,1516300.0,203.58009338378906
2018-08-07,217.47999572753906,212.30999755859375,212.52000427246094,217.1300048828125,1894300.0,207.99618530273438
2018-08-08,216.7899932861328,213.99000549316406,216.52999877929688,214.41000366210938,1906100.0,205.39056396484375
2018-08-09,216.50999450683594,213.0,213.97000122070312,214.77999877929688,1038700.0,206.45758056640625
2018-08-10,214.80999755859375,212.91000366210938,214.0,213.3000030517578,1151400.0,205.03494262695312
2018-08-13,214.00999450683594,212.67999267578125,213.0,213.8300018310547,1136700.0,205.54441833496094
2018-08-14,222.22000122070312,214.44000244140625,215.0500030517578,221.80999755859375,4415500.0,213.21517944335938
2018-08-15,212.52999877929688,201.50999450683594,208.74000549316406,208.27000427246094,10095100.0,200.19984436035156
2018-08-16,209.5,201.5500030517578,209.1999969482422,202.47999572753906,5190100.0,194.6342010498047
2018-08-17,204.5399932861328,198.85000610351562,202.33999633789062,203.92999267578125,3754000.0,196.0279998779297
2018-08-20,203.8000030517578,199.08999633789062,199.1999969482422,202.89999389648438,2556900.0,195.0379180908203
2018-08-21,204.9499969482422,200.05999755859375,203.0,200.49000549316406,2943700.0,192.7213134765625
2018-08-22,204.5500030517578,200.19000244140625,201.6999969482422,203.36000061035156,2467500.0,195.4801025390625
2018-08-23,205.33999633789062,202.14999389648438,202.85000610351562,204.8800048828125,1900300.0,196.9412078857422
2018-08-24,208.7100067138672,204.61000061035156,204.61000061035156,207.60000610351562,2190800.0,199.55581665039062
2018-08-27,210.8000030517578,207.6699981689453,210.0,210.25999450683594,3046200.0,202.1127471923828
2018-08-28,211.3800048828125,206.27000427246094,210.69000244140625,207.1699981689453,2077800.0,199.1424560546875
2018-08-29,209.94000244140625,207.2899932861328,207.77000427246094,209.25,1506800.0,201.14187622070312
2018-08-30,210.64999389648438,208.0800018310547,208.5800018310547,208.75999450683594,1835600.0,200.67083740234375
2018-08-31,209.91000366210938,207.36000061035156,208.64999389648438,208.1999969482422,1980400.0,200.13255310058594
2018-09-04,211.3000030517578,206.35000610351562,207.9600067138672,211.11000061035156,1717300.0,202.92979431152344
2018-09-05,211.5,207.94000244140625,211.3800048828125,209.75,1973600.0,201.62249755859375
2018-09-06,209.7899932861328,206.3800048828125,209.1999969482422,208.6199951171875,1687100.0,200.5363006591797
2018-09-07,211.72999572753906,207.9199981689453,209.89999389648438,211.72000122070312,2115300.0,203.51617431640625
2018-09-10,214.5,208.5,209.11000061035156,212.05999755859375,2217400.0,203.84298706054688
2018-09-11,216.75,211.57000732421875,212.0,215.25999450683594,2618800.0,206.91900634765625
2018-09-12,219.1300048828125,215.41000366210938,215.66000366210938,215.99000549316406,1922200.0,207.6207275390625
2018-09-13,217.75,214.39999389648438,216.5,214.8300018310547,1723200.0,206.5056610107422
2018-09-14,214.13999938964844,210.72999572753906,211.41000366210938,212.0500030517578,2111100.0,203.83335876464844
2018-09-17,213.89999389648438,210.22000122070312,213.1999969482422,212.3300018310547,1941900.0,204.10250854492188
2018-09-18,214.8699951171875,211.30999755859375,212.2100067138672,213.52000427246094,1391000.0,205.24642944335938
2018-09-19,218.5,214.2899932861328,217.88999938964844,215.1699981689453,1896100.0,206.83248901367188
2018-09-20,219.42999267578125,214.5,215.1999969482422,218.57000732421875,1882700.0,210.10073852539062
2018-09-21,219.60000610351562,216.63999938964844,218.0,216.94000244140625,2055300.0,208.53392028808594
2018-09-24,217.02000427246094,215.30999755859375,216.38999938964844,216.32000732421875,928600.0,207.9379119873047
2018-09-25,216.86000061035156,212.9199981689453,215.47999572753906,214.50999450683594,1555800.0,206.19805908203125
2018-09-26,216.4499969482422,213.50999450683594,215.4600067138672,213.75999450683594,1338200.0,205.47708129882812
2018-09-27,216.3800048828125,213.5,213.5,214.94000244140625,1128100.0,206.61138916015625
2018-09-28,219.0800018310547,215.1999969482422,216.22000122070312,215.6199951171875,2434100.0,207.26502990722656
2018-10-01,216.5500030517578,212.85000610351562,216.30999755859375,213.32000732421875,1341700.0,205.05418395996094
2018-10-02,214.22999572753906,211.77000427246094,212.8800048828125,212.72999572753906,1765500.0,204.48703002929688
2018-10-03,213.77999877929688,210.52000427246094,213.61000061035156,210.75999450683594,2627300.0,202.59335327148438
2018-10-04,225.75999450683594,216.1999969482422,224.30999755859375,222.10000610351562,7428400.0,213.4939727783203
2018-10-05,225.25,220.8300018310547,224.1699981689453,223.17999267578125,3759300.0,214.5321044921875
2018-10-08,228.91000366210938,223.41000366210938,223.63999938964844,228.6699981689453,3029200.0,219.8093719482422
2018-10-09,228.3300018310547,225.22999572753906,227.82000732421875,226.27000427246094,2443100.0,217.5023651123047
2018-10-10,227.6999969482422,221.38999938964844,227.3699951171875,221.61000061035156,2217700.0,213.02293395996094
2018-10-11,221.9499969482422,217.5,221.22999572753906,217.77000427246094,2343700.0,209.3317413330078
2018-10-12,226.2899932861328,220.0399932861328,221.25999450683594,225.69000244140625,2967200.0,216.9448699951172
2018-10-15,226.88999938964844,222.69000244140625,224.30999755859375,223.7100067138672,1583700.0,215.04159545898438
2018-10-16,227.6999969482422,224.5,227.3000030517578,226.9600067138672,1636100.0,218.1656494140625
2018-10-17,228.0,224.00999450683594,227.05999755859375,227.1999969482422,1165200.0,218.39630126953125
2018-10-18,228.49000549316406,224.07000732421875,227.72999572753906,225.08999633789062,1991000.0,216.3680877685547
2018-10-19,225.75,222.27000427246094,225.75,222.92999267578125,1883500.0,214.29176330566406
2018-10-22,227.35000610351562,219.0,223.3300018310547,219.16000366210938,2563000.0,210.66787719726562
2018-10-23,218.4499969482422,211.25,216.75,214.8800048828125,2808200.0,206.55372619628906
2018-10-24,215.3800048828125,211.64999389648438,214.4199981689453,212.17999267578125,2330400.0,203.95834350585938
2018-10-25,215.6999969482422,209.77999877929688,211.9199981689453,213.14999389648438,1712800.0,204.89076232910156
2018-10-26,211.9499969482422,205.88999938964844,211.00999450683594,209.9600067138672,3008100.0,201.82435607910156
2018-10-29,212.91000366210938,200.75999450683594,211.02000427246094,202.75,2570300.0,194.89373779296875
2018-10-30,201.58999633789062,196.25999450683594,200.83999633789062,198.47000122070312,3477300.0,190.77957153320312
2018-10-31,202.74000549316406,198.6699981689453,200.00999450683594,199.22999572753906,2978700.0,191.51011657714844
2018-11-01,201.1699981689453,199.02999877929688,199.6999969482422,200.8800048828125,1783000.0,193.09620666503906
2018-11-02,202.39999389648438,199.16000366210938,201.13999938964844,201.32000732421875,1877100.0,193.5191650390625
2018-11-05,201.00999450683594,197.22999572753906,200.99000549316406,200.3000030517578,1605800.0,193.24900817871094
2018-11-06,204.41000366210938,200.22999572753906,200.52000427246094,204.0,2303900.0,196.81875610351562
2018-11-07,207.42999267578125,204.8000030517578,205.47999572753906,206.75,2041800.0,199.47198486328125
2018-11-08,208.24000549316406,204.1300048828125,207.3699951171875,204.72000122070312,1459300.0,197.51344299316406
2018-11-09,204.5399932861328,201.0399932861328,204.38999938964844,203.1300048828125,1654400.0,195.9793701171875
2018-11-12,204.72000122070312,201.6199951171875,203.05999755859375,201.97000122070312,1309100.0,194.86021423339844
2018-11-13,202.0,199.0800018310547,201.39999389648438,199.63999938964844,2316900.0,192.61224365234375
2018-11-14,200.5,196.1999969482422,199.39999389648438,197.30999755859375,2265200.0,190.36424255371094
2018-11-15,197.9199981689453,195.00999450683594,197.4600067138672,197.44000244140625,1304500.0,190.4897003173828
2018-11-16,198.02999877929688,195.00999450683594,196.3800048828125,196.52999877929688,2436300.0,189.61172485351562
2018-11-19,196.19000244140625,191.85000610351562,196.02000427246094,193.38999938964844,3845900.0,186.58226013183594
2018-11-20,192.69000244140625,187.8699951171875,191.0399932861328,190.72000122070312,2363900.0,184.00625610351562
2018-11-21,195.5800018310547,190.5800018310547,191.22999572753906,194.2100067138672,1684800.0,187.37339782714844
2018-11-23,195.52000427246094,192.3699951171875,194.0,192.83999633789062,470200.0,186.0515899658203
2018-11-26,195.1699981689453,193.07000732421875,194.92999267578125,194.11000061035156,1329400.0,187.27691650390625
2018-11-27,197.72999572753906,194.6999969482422,195.1300048828125,195.8000030517578,2269500.0,188.9074249267578
2018-11-28,201.8000030517578,195.97000122070312,196.5,201.32000732421875,2012900.0,194.23312377929688
2018-11-29,201.7100067138672,196.08999633789062,199.1300048828125,196.2100067138672,2909400.0,189.30300903320312
2018-11-30,197.6699981689453,194.8800048828125,196.07000732421875,195.75999450683594,1663000.0,188.86883544921875
2018-12-03,198.35000610351562,193.77000427246094,196.4499969482422,198.2100067138672,2351700.0,191.23260498046875
2018-12-04,197.64999389648438,190.94000244140625,197.5,191.1699981689453,2192300.0,184.44041442871094
2018-12-06,191.3300018310547,187.91000366210938,190.0500030517578,190.72000122070312,1666400.0,184.00625610351562
2018-12-07,192.86000061035156,187.33999633789062,191.27999877929688,188.61000061035156,1437700.0,181.9705047607422
2018-12-10,189.32000732421875,184.75999450683594,189.24000549316406,187.3000030517578,1915000.0,180.70663452148438
2018-12-11,191.39999389648438,187.9199981689453,189.00999450683594,188.77000427246094,2041000.0,182.1248779296875
2018-12-12,191.0399932861328,186.64999389648438,191.0399932861328,186.72999572753906,2267500.0,180.1566925048828
2018-12-13,187.1300048828125,180.1699981689453,186.07000732421875,182.6300048828125,2311000.0,176.2010498046875
2018-12-14,182.99000549316406,180.24000549316406,181.6300048828125,181.27000427246094,1330800.0,174.88890075683594
2018-12-17,181.60000610351562,174.58999633789062,180.38999938964844,176.0500030517578,2739400.0,169.8526611328125
2018-12-18,176.0,171.0800018310547,175.75,172.6199951171875,3488200.0,166.54339599609375
2018-12-19,176.39999389648438,171.4499969482422,172.64999389648438,172.08999633789062,3539400.0,166.0320587158203
2018-12-20,172.89999389648438,165.92999267578125,172.11000061035156,166.8800048828125,2519400.0,161.00547790527344
2018-12-21,168.41000366210938,161.99000549316406,166.77000427246094,162.17999267578125,3163500.0,156.47088623046875
2018-12-24,161.3800048828125,156.25,160.82000732421875,156.9499969482422,1541000.0,151.4250030517578
2018-12-26,163.49000549316406,157.27999877929688,157.9600067138672,163.4199981689453,1908400.0,157.66725158691406
2018-12-27,163.50999450683594,158.63999938964844,161.7100067138672,163.5,1734000.0,157.74444580078125
2018-12-28,165.6300048828125,161.52000427246094,164.82000732421875,162.86000061035156,1963800.0,157.12698364257812
2018-12-31,164.0,159.52000427246094,163.5,160.82000732421875,1952800.0,155.15879821777344
2019-01-02,165.50999450683594,159.3000030517578,160.05999755859375,164.0399932861328,1747200.0,158.2654266357422
2019-01-03,164.32000732421875,160.9199981689453,163.10000610351562,161.60000610351562,2392000.0,155.91134643554688
2019-01-04,166.72000122070312,162.16000366210938,163.02000427246094,166.6199951171875,3369600.0,160.75462341308594
2019-01-07,172.3300018310547,168.0800018310547,169.4499969482422,170.1199951171875,3553100.0,164.1313934326172
2019-01-08,173.39999389648438,170.11000061035156,171.64999389648438,172.33999633789062,3418600.0,166.2732696533203
2019-01-09,161.25999450683594,150.3699951171875,152.61000061035156,150.94000244140625,17157500.0,145.6265869140625
2019-01-10,161.47999572753906,155.55999755859375,156.5,159.92999267578125,7659000.0,154.3000946044922
2019-01-11,160.72999572753906,157.1999969482422,160.0,159.2100067138672,3835100.0,153.60546875
2019-01-14,161.75,158.22000122070312,158.22000122070312,160.86000061035156,2874500.0,155.19737243652344
2019-01-15,161.08999633789062,158.8699951171875,161.08999633789062,160.52999877929688,1823600.0,154.8789825439453
2019-01-16,161.6699981689453,158.82000732421875,160.24000549316406,159.8800048828125,1917900.0,154.2518768310547
2019-01-17,160.85000610351562,157.13999938964844,159.08999633789062,160.36000061035156,1725500.0,154.7150115966797
2019-01-18,166.10000610351562,161.5,161.7899932861328,164.14999389648438,2952200.0,158.37155151367188
2019-01-22,167.9199981689453,163.47000122070312,165.97999572753906,164.72999572753906,2553400.0,158.93116760253906
2019-01-23,165.9600067138672,164.27000427246094,165.27000427246094,165.58999633789062,2700400.0,159.7608642578125
2019-01-24,165.75,163.7100067138672,165.38999938964844,164.7899932861328,2163200.0,158.98902893066406
2019-01-25,167.30999755859375,165.86000061035156,166.0,166.8000030517578,2349200.0,160.92828369140625
2019-01-28,168.5800018310547,165.6999969482422,166.55999755859375,167.89999389648438,2636500.0,161.9895477294922
2019-01-29,168.5,167.24000549316406,167.9199981689453,168.14999389648438,3067000.0,162.23077392578125
2019-01-30,170.6699981689453,168.1300048828125,168.5800018310547,170.61000061035156,2486600.0,164.60415649414062
2019-01-31,173.77000427246094,170.14999389648438,171.10000610351562,173.66000366210938,2457300.0,167.54681396484375
2019-02-01,174.5800018310547,172.74000549316406,174.14999389648438,173.75,2531400.0,167.6336212158203
2019-02-04,174.3000030517578,171.9600067138672,174.25,172.80999755859375,1483400.0,166.72669982910156
2019-02-05,176.4600067138672,173.33999633789062,173.6999969482422,174.72000122070312,2604600.0,168.5694580078125
2019-02-06,174.67999267578125,171.35000610351562,174.33999633789062,172.2899932861328,1651700.0,166.2250213623047
2019-02-07,174.67999267578125,171.30999755859375,171.6199951171875,174.0500030517578,1896200.0,167.92306518554688
2019-02-08,175.22000122070312,173.5500030517578,174.10000610351562,175.22000122070312,1344200.0,169.0518798828125
2019-02-11,175.8699951171875,171.66000366210938,174.5800018310547,172.77000427246094,2021200.0,167.39511108398438
2019-02-12,173.02999877929688,170.8699951171875,172.30999755859375,171.94000244140625,1979900.0,166.59091186523438
2019-02-13,176.1300048828125,173.00999450683594,173.92999267578125,174.77000427246094,4736500.0,169.33285522460938
2019-02-14,175.0,173.0500030517578,174.91000366210938,173.9600067138672,2484500.0,168.5480499267578
2019-02-15,176.19000244140625,173.55999755859375,175.25999450683594,174.91000366210938,1965600.0,169.468505859375
2019-02-19,176.38999938964844,174.0500030517578,174.97999572753906,174.72000122070312,2072300.0,169.28439331054688
2019-02-20,176.77999877929688,166.36000061035156,175.41000366210938,166.97999572753906,5401800.0,161.7852020263672
2019-02-21,167.75,163.99000549316406,167.35000610351562,165.64999389648438,5426300.0,160.49658203125
2019-02-22,169.3699951171875,165.5,165.72000122070312,169.05999755859375,3913800.0,163.8004913330078
2019-02-25,170.75,166.85000610351562,170.3000030517578,167.14999389648438,1695100.0,161.9499053955078
2019-02-26,169.77999877929688,167.0800018310547,167.0800018310547,169.41000366210938,1495900.0,164.13963317871094
2019-02-27,169.3300018310547,167.85000610351562,168.75,169.25,1112300.0,163.98460388183594
2019-02-28,170.44000244140625,168.69000244140625,169.94000244140625,169.16000366210938,1540600.0,163.89739990234375
2019-03-01,171.9499969482422,169.9499969482422,170.1999969482422,171.94000244140625,1508500.0,166.59091186523438
2019-03-04,172.7899932861328,169.0500030517578,172.57000732421875,170.6300048828125,1828700.0,165.32167053222656
2019-03-05,170.22000122070312,167.10000610351562,170.22000122070312,167.47000122070312,2601700.0,162.2599639892578
2019-03-06,168.91000366210938,165.72000122070312,167.60000610351562,166.05999755859375,1292500.0,160.89382934570312
2019-03-07,169.57000732421875,166.36000061035156,168.4499969482422,167.63999938964844,1595600.0,162.42469787597656
2019-03-08,167.86000061035156,165.32000732421875,166.85000610351562,166.19000244140625,1146200.0,161.01979064941406
2019-03-11,168.75999450683594,166.4499969482422,167.05999755859375,168.3300018310547,1043300.0,163.0932159423828
2019-03-12,169.4499969482422,167.85000610351562,168.5399932861328,168.80999755859375,997900.0,163.5582733154297
2019-03-13,171.89999389648438,169.7100067138672,169.8300018310547,170.66000366210938,1379200.0,165.35072326660156
2019-03-14,171.2899932861328,169.30999755859375,170.5,170.61000061035156,1240000.0,165.30227661132812
2019-03-15,172.80999755859375,169.8000030517578,171.47999572753906,170.4499969482422,2682700.0,165.14724731445312
2019-03-18,171.3800048828125,170.3000030517578,171.0800018310547,171.0800018310547,856300.0,165.75767517089844
2019-03-19,171.22999572753906,166.00999450683594,171.2100067138672,167.3300018310547,2187200.0,162.12435913085938
2019-03-20,167.61000061035156,163.52000427246094,167.3300018310547,164.60000610351562,2815900.0,159.47926330566406
2019-03-21,169.50999450683594,164.1699981689453,164.22000122070312,169.38999938964844,1622600.0,164.12025451660156
2019-03-22,170.4199981689453,167.52000427246094,168.41000366210938,169.52999877929688,1553100.0,164.25587463378906
2019-03-25,169.14999389648438,166.75,168.63999938964844,168.0399932861328,1384100.0,162.81224060058594
2019-03-26,171.8699951171875,168.27999877929688,168.5399932861328,171.7100067138672,2077000.0,166.36805725097656
2019-03-27,171.88999938964844,169.44000244140625,170.22999572753906,170.1199951171875,1217400.0,164.8275146484375
2019-03-28,172.52000427246094,169.88999938964844,170.25,172.5,1170900.0,167.1334686279297
2019-03-29,176.4600067138672,172.75999450683594,172.97000122070312,175.3300018310547,2193900.0,169.8754425048828
2019-04-01,178.58999633789062,174.52000427246094,176.91000366210938,177.58999633789062,2908800.0,172.06512451171875
2019-04-02,178.61000061035156,175.5,178.25,176.7100067138672,2237600.0,171.21249389648438
2019-04-03,179.77000427246094,176.80999755859375,177.25999450683594,179.69000244140625,2644100.0,174.09979248046875
2019-04-04,193.19000244140625,178.1199951171875,178.50999450683594,191.4499969482422,7719600.0,185.49395751953125
2019-04-05,193.7100067138672,189.16000366210938,191.5,193.3000030517578,4639500.0,187.28639221191406
2019-04-08,192.66000366210938,190.55999755859375,192.5,192.33999633789062,2866200.0,186.35623168945312
2019-04-09,192.3300018310547,189.55999755859375,191.33999633789062,190.88999938964844,1917900.0,184.95138549804688
2019-04-10,191.60000610351562,188.6300048828125,191.0,190.10000610351562,1399100.0,184.1859588623047
2019-04-11,191.60000610351562,189.11000061035156,190.02999877929688,191.1699981689453,1847300.0,185.22265625
2019-04-12,192.52000427246094,190.22999572753906,192.1999969482422,190.52999877929688,948500.0,184.60256958007812
2019-04-15,191.0,189.32000732421875,190.69000244140625,190.9199981689453,1447600.0,184.9804229736328
2019-04-16,191.4600067138672,189.5500030517578,191.00999450683594,190.00999450683594,2025300.0,184.09872436523438
2019-04-17,192.8699951171875,189.85000610351562,190.9499969482422,191.5800018310547,1090900.0,185.61988830566406
2019-04-18,199.8800048828125,193.33999633789062,193.33999633789062,198.8000030517578,2881500.0,192.6152801513672
2019-04-22,205.75,198.25999450683594,198.52999877929688,205.4600067138672,2196900.0,199.06808471679688
2019-04-23,209.1999969482422,204.92999267578125,206.8300018310547,207.47999572753906,2256500.0,201.02523803710938
2019-04-24,210.4199981689453,207.89999389648438,208.14999389648438,210.13999938964844,1666900.0,203.6024627685547
2019-04-25,214.47999572753906,208.80999755859375,208.80999755859375,212.16000366210938,1900700.0,205.55966186523438
2019-04-26,214.36000061035156,211.5,213.0,212.16000366210938,1329600.0,205.55966186523438
2019-04-29,213.33999633789062,210.67999267578125,212.36000061035156,212.5399932861328,1078400.0,205.9278106689453
2019-04-30,212.77000427246094,209.91000366210938,212.10000610351562,211.6699981689453,1532600.0,205.08489990234375
2019-05-01,213.6999969482422,211.2100067138672,211.60000610351562,212.08999633789062,876500.0,205.49185180664062
2019-05-02,211.69000244140625,207.66000366210938,211.13999938964844,209.1199951171875,1569400.0,202.6142120361328
2019-05-03,212.05999755859375,209.7899932861328,210.1300048828125,211.39999389648438,1113900.0,204.8232879638672
2019-05-06,211.3000030517578,208.0,208.27999877929688,210.41000366210938,1166400.0,203.86407470703125
2019-05-07,209.63999938964844,206.74000549316406,209.1300048828125,207.8699951171875,1227900.0,201.40310668945312
2019-05-08,208.77000427246094,206.75,207.16000366210938,207.19000244140625,840800.0,200.7442626953125
2019-05-09,206.5800018310547,201.82000732421875,205.16000366210938,201.88999938964844,1833400.0,196.31979370117188
2019-05-10,204.00999450683594,199.27000427246094,201.05999755859375,203.22999572753906,1617000.0,197.62281799316406
2019-05-13,201.6699981689453,199.02000427246094,200.0800018310547,201.05999755859375,1320100.0,195.5126953125
2019-05-14,207.25,201.47000122070312,202.0,205.3300018310547,1202000.0,199.66488647460938
2019-05-15,207.7899932861328,203.6199951171875,203.9600067138672,204.99000549316406,1368700.0,199.3342742919922
2019-05-16,207.52999877929688,204.1199951171875,205.0500030517578,206.8000030517578,873000.0,201.0943603515625
2019-05-17,207.6699981689453,204.77000427246094,205.08999633789062,204.7899932861328,893500.0,199.1397705078125
2019-05-20,205.3300018310547,202.69000244140625,204.58999633789062,203.0500030517578,1062000.0,197.4477996826172
2019-05-21,206.77999877929688,202.92999267578125,205.0399932861328,205.0,1765700.0,199.343994140625
2019-05-22,205.4199981689453,203.0500030517578,204.5,204.97000122070312,865700.0,199.31483459472656
2019-05-23,206.5,203.74000549316406,204.1300048828125,206.2100067138672,877200.0,200.5206298828125
2019-05-24,202.99000549316406,196.27000427246094,202.5,198.67999267578125,2526800.0,193.19837951660156
2019-05-28,198.60000610351562,193.33999633789062,198.35000610351562,194.24000549316406,3271700.0,188.880859375
2019-05-29,193.55999755859375,187.5800018310547,193.55999755859375,188.89999389648438,1483300.0,183.6881866455078
2019-05-30,190.66000366210938,186.08999633789062,188.88999938964844,187.2899932861328,1083400.0,182.12261962890625
2019-05-31,177.30999755859375,171.27000427246094,175.0,176.4499969482422,6252400.0,171.58168029785156
2019-06-03,179.5800018310547,176.55999755859375,177.27999877929688,177.22999572753906,4607900.0,172.34017944335938
2019-06-04,184.72999572753906,179.8000030517578,181.3800048828125,184.44000244140625,2238700.0,179.35125732421875
2019-06-05,187.86000061035156,183.77999877929688,185.92999267578125,187.0,1639600.0,181.8406219482422
2019-06-06,187.25,181.74000549316406,185.86000061035156,184.16000366210938,2310100.0,179.0789794921875
2019-06-07,190.02000427246094,184.6999969482422,185.02999877929688,188.39999389648438,1814800.0,183.2019805908203
2019-06-10,194.5399932861328,191.4499969482422,194.00999450683594,191.9600067138672,2042300.0,186.6637725830078
2019-06-11,195.3000030517578,191.80999755859375,192.00999450683594,194.9600067138672,1306800.0,189.5810089111328
2019-06-12,195.36000061035156,189.1199951171875,195.1199951171875,189.32000732421875,1041100.0,184.09661865234375
2019-06-13,190.0500030517578,186.75,189.0,189.33999633789062,1111400.0,184.11605834960938
2019-06-14,190.02999877929688,187.5399932861328,189.22000122070312,187.6300048828125,724100.0,182.45321655273438
2019-06-17,187.8800048828125,186.3300018310547,187.2899932861328,187.22999572753906,789700.0,182.06427001953125
2019-06-18,188.57000732421875,181.8699951171875,188.57000732421875,181.97000122070312,1848800.0,176.9494171142578
2019-06-19,184.39999389648438,181.6199951171875,182.75,184.32000732421875,1391500.0,179.23455810546875
2019-06-20,188.08999633789062,185.47000122070312,185.5500030517578,185.74000549316406,1029800.0,180.6154022216797
2019-06-21,185.67999267578125,181.2899932861328,185.35000610351562,183.72999572753906,2121100.0,178.6608428955078
2019-06-24,184.8300018310547,181.05999755859375,184.0,181.25999450683594,1607100.0,176.25897216796875
2019-06-25,184.27000427246094,181.75999450683594,181.75999450683594,183.89999389648438,2273100.0,178.8261260986328
2019-06-26,185.75,184.05999755859375,184.32000732421875,185.02000427246094,1183300.0,179.91525268554688
2019-06-27,189.0800018310547,183.75999450683594,184.82000732421875,188.2100067138672,2091400.0,183.01724243164062
2019-06-28,200.58999633789062,192.52999877929688,198.6199951171875,196.94000244140625,7415800.0,191.50637817382812
2019-07-01,200.0,193.1300048828125,199.0,196.08999633789062,2526500.0,190.67982482910156
2019-07-02,198.97999572753906,195.7899932861328,196.07000732421875,198.66000366210938,1172400.0,193.17893981933594
2019-07-03,200.22999572753906,196.35000610351562,199.10000610351562,199.89999389648438,917100.0,194.38467407226562
2019-07-05,199.1999969482422,196.36000061035156,198.9600067138672,197.49000549316406,652200.0,192.04119873046875
2019-07-08,200.25,196.25999450683594,197.0399932861328,200.10000610351562,1109500.0,194.57919311523438
2019-07-09,199.58999633789062,194.55999755859375,199.36000061035156,198.0399932861328,2193800.0,192.57598876953125
2019-07-10,201.92999267578125,197.75,197.75,200.7899932861328,1218400.0,195.25013732910156
2019-07-11,201.88999938964844,196.8300018310547,200.77999877929688,197.6699981689453,970600.0,192.2162322998047
2019-07-12,201.5,197.6199951171875,197.88999938964844,199.60000610351562,1213500.0,194.09300231933594
2019-07-15,199.7100067138672,197.49000549316406,199.7100067138672,198.58999633789062,812400.0,193.11085510253906
2019-07-16,199.6300048828125,197.08999633789062,199.55999755859375,197.8800048828125,1016800.0,192.42042541503906
2019-07-17,199.8000030517578,197.77000427246094,198.55999755859375,199.3800048828125,879200.0,193.87905883789062
2019-07-18,203.16000366210938,199.22999572753906,199.88999938964844,202.60000610351562,823500.0,197.0102081298828
2019-07-19,204.0,200.94000244140625,202.4499969482422,201.57000732421875,1029200.0,196.00865173339844
2019-07-22,203.55999755859375,198.88999938964844,202.1699981689453,201.1699981689453,1073100.0,195.61965942382812
2019-07-23,203.19000244140625,200.74000549316406,201.14999389648438,202.2899932861328,683600.0,196.70875549316406
2019-07-24,204.3800048828125,201.32000732421875,201.92999267578125,204.08999633789062,667400.0,198.45909118652344
2019-07-25,204.64999389648438,201.13999938964844,204.0399932861328,203.00999450683594,638900.0,197.4088897705078
2019-07-26,205.58999633789062,202.66000366210938,203.75,203.9199981689453,739700.0,198.2937774658203
2019-07-29,204.22000122070312,197.27000427246094,204.1300048828125,199.0,1146800.0,193.50953674316406
2019-07-30,201.55999755859375,196.4199981689453,197.33999633789062,200.9499969482422,875200.0,195.40573120117188
2019-07-31,200.52000427246094,194.57000732421875,200.0800018310547,196.82000732421875,884100.0,191.38967895507812
2019-08-01,198.32000732421875,191.64999389648438,196.6699981689453,193.60000610351562,1366300.0,188.25852966308594
2019-08-02,195.19000244140625,192.47999572753906,194.30999755859375,192.74000549316406,818800.0,187.42225646972656
2019-08-05,191.36000061035156,185.8699951171875,190.50999450683594,186.69000244140625,1672300.0,181.5391845703125
2019-08-06,189.69000244140625,185.50999450683594,189.19000244140625,187.19000244140625,1148300.0,182.02537536621094
2019-08-07,188.77999877929688,184.3000030517578,185.3699951171875,188.16000366210938,801600.0,182.9686279296875
2019-08-08,193.3699951171875,187.02000427246094,189.0,193.25999450683594,850200.0,187.92788696289062
2019-08-09,196.5500030517578,191.8699951171875,193.3000030517578,194.14999389648438,1091800.0,188.7933349609375
2019-08-12,194.36000061035156,192.1199951171875,192.82000732421875,193.0500030517578,695000.0,188.45167541503906
2019-08-13,197.7899932861328,192.0,192.0399932861328,196.52999877929688,936900.0,191.84878540039062
2019-08-14,196.25,192.5,193.88999938964844,193.36000061035156,1357700.0,188.75430297851562
2019-08-15,194.97000122070312,189.50999450683594,191.0,194.39999389648438,1004800.0,189.76953125
2019-08-16,199.88999938964844,195.49000549316406,195.49000549316406,198.7899932861328,962700.0,194.05496215820312
2019-08-19,202.8300018310547,198.94000244140625,200.0,201.8000030517578,1044200.0,196.9932403564453
2019-08-20,203.74000549316406,201.5,201.5500030517578,202.47999572753906,1143600.0,197.6570587158203
2019-08-21,205.2899932861328,202.83999633789062,203.80999755859375,202.85000610351562,682800.0,198.01824951171875
2019-08-22,203.7899932861328,201.14999389648438,202.8800048828125,201.66000366210938,906500.0,196.85659790039062
2019-08-23,201.52000427246094,197.66000366210938,200.6999969482422,198.50999450683594,1018400.0,193.7816162109375
2019-08-26,203.02999877929688,197.52000427246094,200.0,202.44000244140625,1147700.0,197.61802673339844
2019-08-27,202.9499969482422,197.86000061035156,201.91000366210938,198.19000244140625,987500.0,193.46926879882812
2019-08-28,202.3300018310547,196.6300048828125,197.4600067138672,201.8300018310547,844200.0,197.02255249023438
2019-08-29,205.3000030517578,202.69000244140625,202.82000732421875,204.6300048828125,761800.0,199.75584411621094
2019-08-30,205.2899932861328,203.42999267578125,204.72000122070312,204.35000610351562,983400.0,199.4825439453125
2019-09-03,208.47000122070312,202.25,203.36000061035156,208.35000610351562,899700.0,203.3872528076172
2019-09-04,211.97999572753906,208.4600067138672,209.5,210.17999267578125,883800.0,205.1736602783203
2019-09-05,212.0,204.5800018310547,212.0,204.92999267578125,1025900.0,200.0487060546875
2019-09-06,205.6199951171875,203.6300048828125,204.7100067138672,204.75,955300.0,199.8730010986328
2019-09-09,207.5399932861328,204.60000610351562,204.97999572753906,206.75,1012100.0,201.8253631591797
2019-09-10,208.6999969482422,204.35000610351562,206.22000122070312,208.17999267578125,920300.0,203.22128295898438
2019-09-11,208.8800048828125,205.32000732421875,208.17999267578125,206.77000427246094,979700.0,201.84487915039062
2019-09-12,207.05999755859375,202.33999633789062,206.0,203.97000122070312,1124900.0,199.111572265625
2019-09-13,205.8800048828125,203.5399932861328,204.83999633789062,204.07000732421875,595100.0,199.20919799804688
2019-09-16,204.75,202.27999877929688,203.6699981689453,203.83999633789062,709300.0,198.98468017578125
2019-09-17,208.0,203.1999969482422,204.8000030517578,205.75,1355900.0,200.8491973876953
2019-09-18,207.52000427246094,203.97999572753906,206.1199951171875,207.3300018310547,979700.0,202.3915557861328
2019-09-19,207.85000610351562,205.75,207.24000549316406,207.33999633789062,758000.0,202.40130615234375
2019-09-20,209.2899932861328,204.58999633789062,207.89999389648438,205.10000610351562,1554800.0,200.21466064453125
2019-09-23,206.36000061035156,204.66000366210938,205.10000610351562,205.77000427246094,853800.0,200.8687286376953
2019-09-24,206.77999877929688,203.6999969482422,206.72000122070312,205.0399932861328,766100.0,200.15606689453125
2019-09-25,207.4499969482422,203.64999389648438,206.44000244140625,204.0,1597200.0,199.140869140625
2019-09-26,207.6300048828125,204.3300018310547,204.4199981689453,206.07000732421875,925600.0,201.16156005859375
2019-09-27,207.97999572753906,205.08999633789062,207.3300018310547,206.0,848000.0,201.09323120117188
2019-09-30,208.47000122070312,206.0,206.74000549316406,207.27999877929688,992300.0,202.3427276611328
2019-10-01,210.64999389648438,207.58999633789062,207.60000610351562,209.41000366210938,1169200.0,204.4219970703125
2019-10-02,208.13999938964844,204.30999755859375,208.13999938964844,206.7899932861328,1406700.0,201.86439514160156
2019-10-03,202.24000549316406,191.02000427246094,201.02999877929688,194.25999450683594,4711800.0,189.63284301757812
2019-10-04,198.6699981689453,190.88999938964844,196.02000427246094,193.74000549316406,2105800.0,189.12525939941406
2019-10-07,193.72999572753906,188.10000610351562,193.38999938964844,188.74000549316406,1721100.0,184.24435424804688
2019-10-08,190.27999877929688,186.41000366210938,187.83999633789062,189.52000427246094,1334500.0,185.00576782226562
2019-10-09,192.22000122070312,189.0800018310547,189.77999877929688,191.4600067138672,1091400.0,186.89956665039062
2019-10-10,194.0800018310547,190.41000366210938,191.44000244140625,192.7100067138672,957000.0,188.11978149414062
2019-10-11,198.5,192.61000061035156,193.61000061035156,193.0800018310547,963800.0,188.48095703125
2019-10-14,193.27999877929688,191.0399932861328,192.42999267578125,192.97000122070312,759500.0,188.37359619140625
2019-10-15,197.61000061035156,192.5800018310547,192.94000244140625,196.75999450683594,1102700.0,192.07330322265625
2019-10-16,198.64999389648438,195.8699951171875,197.27000427246094,198.47999572753906,854500.0,193.75234985351562
2019-10-17,199.3000030517578,196.52999877929688,198.6999969482422,197.2899932861328,978200.0,192.59066772460938
2019-10-18,198.60000610351562,196.0,197.1300048828125,197.02000427246094,843400.0,192.3271484375
2019-10-21,196.88999938964844,194.33999633789062,196.75999450683594,194.5800018310547,758500.0,189.94525146484375
2019-10-22,197.16000366210938,193.86000061035156,194.63999938964844,196.80999755859375,627900.0,192.1221160888672
2019-10-23,198.0,195.1699981689453,196.0,197.5399932861328,601200.0,192.834716796875
2019-10-24,197.6999969482422,195.47999572753906,197.6999969482422,196.69000244140625,665700.0,192.00498962402344
2019-10-25,197.3800048828125,194.44000244140625,195.8300018310547,195.83999633789062,765100.0,191.1752166748047
2019-10-28,196.4600067138672,192.85000610351562,195.41000366210938,192.9199981689453,933300.0,188.3247833251953
2019-10-29,194.92999267578125,192.1999969482422,192.97999572753906,192.97999572753906,695600.0,188.3833465576172
2019-10-30,192.97000122070312,190.82000732421875,192.72000122070312,191.5399932861328,928700.0,186.97764587402344
2019-10-31,191.80999755859375,189.0,191.32000732421875,190.3300018310547,1002300.0,185.7964630126953
2019-11-01,193.47999572753906,190.55999755859375,191.25999450683594,191.0,1116600.0,186.45050048828125
2019-11-04,194.08999633789062,191.00999450683594,191.55999755859375,193.9199981689453,835600.0,189.3009796142578
2019-11-05,195.5,191.66000366210938,194.22000122070312,191.72000122070312,788500.0,187.1533660888672
2019-11-06,193.64999389648438,190.8300018310547,192.0,193.2100067138672,712900.0,188.60789489746094
2019-11-07,193.97000122070312,190.13999938964844,193.27000427246094,190.27999877929688,741200.0,186.47152709960938
2019-11-08,190.60000610351562,186.5,190.39999389648438,187.55999755859375,1435900.0,183.80593872070312
2019-11-11,187.1699981689453,184.02000427246094,187.0,184.52000427246094,1484900.0,180.8267822265625
2019-11-12,184.91000366210938,182.1699981689453,184.8800048828125,183.8300018310547,1501100.0,180.15060424804688
2019-11-13,185.9199981689453,183.02000427246094,184.0,184.00999450683594,794900.0,180.32701110839844
2019-11-14,185.1300048828125,181.8800048828125,183.0,182.86000061035156,1273500.0,179.20001220703125
2019-11-15,183.39999389648438,179.4499969482422,182.94000244140625,179.64999389648438,1852600.0,176.0542755126953
2019-11-18,179.86000061035156,174.1300048828125,179.86000061035156,174.88999938964844,2433300.0,171.38954162597656
2019-11-19,181.0500030517578,174.75,174.9199981689453,180.9600067138672,1670100.0,177.33804321289062
2019-11-20,186.0399932861328,181.83999633789062,182.02000427246094,185.86000061035156,2139700.0,182.13998413085938
2019-11-21,187.42999267578125,185.22000122070312,186.10000610351562,186.6300048828125,1112700.0,182.89456176757812
2019-11-22,186.55999755859375,180.97999572753906,186.42999267578125,181.22000122070312,2098500.0,177.5928497314453
2019-11-25,183.72000122070312,181.64999389648438,182.33999633789062,183.57000732421875,987000.0,179.8957977294922
2019-11-26,185.1199951171875,181.5,182.6199951171875,184.05999755859375,1028100.0,180.37599182128906
2019-11-27,186.47000122070312,183.9600067138672,184.75,185.75,676000.0,182.03216552734375
2019-11-29,186.30999755859375,184.72000122070312,185.5399932861328,186.05999755859375,369400.0,182.33596801757812
2019-12-02,186.3000030517578,184.77999877929688,185.97999572753906,186.0800018310547,798600.0,182.35557556152344
2019-12-03,184.8699951171875,181.74000549316406,184.75999450683594,184.49000549316406,996000.0,180.79739379882812
2019-12-04,184.8699951171875,181.24000549316406,184.64999389648438,184.2899932861328,991900.0,180.60137939453125
2019-12-05,185.16000366210938,180.9499969482422,184.0,182.4600067138672,1339200.0,178.8080291748047
2019-12-06,184.85000610351562,182.88999938964844,183.52000427246094,183.64999389648438,722200.0,179.9741973876953
2019-12-09,183.5,179.52000427246094,182.86000061035156,181.27000427246094,1303300.0,177.64186096191406
2019-12-10,181.47999572753906,179.02000427246094,181.0,180.92999267578125,819600.0,177.30862426757812
2019-12-11,181.97000122070312,179.00999450683594,180.92999267578125,181.6199951171875,926000.0,177.98484802246094
2019-12-12,183.4199981689453,179.6699981689453,181.0500030517578,179.7899932861328,884600.0,176.1914520263672
2019-12-13,182.8300018310547,179.8699951171875,181.52999877929688,182.05999755859375,945400.0,178.41603088378906
2019-12-16,184.22999572753906,180.1199951171875,181.7899932861328,182.88999938964844,1311100.0,179.22940063476562
2019-12-17,184.60000610351562,182.52999877929688,182.89999389648438,183.1199951171875,920100.0,179.45480346679688
2019-12-18,184.4499969482422,182.32000732421875,183.6199951171875,183.67999267578125,860400.0,180.00360107421875
2019-12-19,186.35000610351562,184.0,184.25,185.82000732421875,1046800.0,182.1007843017578
2019-12-20,189.07000732421875,186.22999572753906,186.94000244140625,188.89999389648438,2342600.0,185.11912536621094
2019-12-23,189.1999969482422,187.00999450683594,189.02999877929688,188.0399932861328,804400.0,184.27633666992188
2019-12-24,188.82000732421875,186.4199981689453,188.72999572753906,186.8300018310547,400200.0,183.09056091308594
2019-12-26,189.92999267578125,186.72999572753906,187.25999450683594,189.66000366210938,807700.0,185.8639373779297
2019-12-27,190.57000732421875,188.8699951171875,189.92999267578125,189.22999572753906,568600.0,185.44252014160156
2019-12-30,189.3699951171875,187.8000030517578,189.14999389648438,188.3699951171875,901000.0,184.5997314453125
2019-12-31,189.7899932861328,187.10000610351562,188.0,189.75,896900.0,185.95213317871094
2020-01-02,190.0,186.66000366210938,189.97000122070312,188.3000030517578,1060500.0,184.5311279296875
2020-01-03,189.91000366210938,186.27999877929688,187.36000061035156,189.52999877929688,1311500.0,185.73651123046875
2020-01-06,191.74000549316406,187.52000427246094,188.97999572753906,190.39999389648438,1615100.0,186.58909606933594
2020-01-07,189.94000244140625,183.30999755859375,189.17999267578125,183.60000610351562,2301500.0,179.9252166748047
2020-01-08,193.75,182.1699981689453,188.75,190.2899932861328,4577800.0,186.48130798339844
2020-01-09,195.9600067138672,190.61000061035156,191.89999389648438,193.58999633789062,2475500.0,189.71524047851562
2020-01-10,192.63999938964844,187.60000610351562,192.08999633789062,188.3800048828125,1881300.0,184.6095428466797
2020-01-13,190.0,187.4499969482422,188.11000061035156,188.44000244140625,1401500.0,184.6683349609375
2020-01-14,191.58999633789062,188.97000122070312,189.27000427246094,190.8300018310547,1292100.0,187.01051330566406
2020-01-15,192.6199951171875,189.69000244140625,189.99000549316406,190.85000610351562,842600.0,187.03009033203125
2020-01-16,192.25,190.3300018310547,191.5399932861328,190.86000061035156,856000.0,187.03990173339844
2020-01-17,193.3800048828125,189.6699981689453,191.1199951171875,189.9499969482422,1787900.0,186.14810180664062
2020-01-21,191.38999938964844,187.1999969482422,187.4499969482422,190.22999572753906,2038100.0,186.42250061035156
2020-01-22,194.44000244140625,191.3800048828125,192.66000366210938,191.94000244140625,1695500.0,188.09828186035156
2020-01-23,194.1300048828125,190.91000366210938,191.32000732421875,193.97000122070312,1089800.0,190.08766174316406
2020-01-24,194.67999267578125,190.4600067138672,193.97999572753906,191.55999755859375,853100.0,187.7258758544922
2020-01-27,191.9199981689453,189.0500030517578,190.0,190.89999389648438,1028100.0,187.07908630371094
2020-01-28,194.97000122070312,190.67999267578125,191.4499969482422,192.75,985400.0,188.89208984375
2020-01-29,193.7899932861328,190.8300018310547,192.7899932861328,192.5800018310547,624300.0,188.72547912597656
2020-01-30,192.3000030517578,189.86000061035156,192.13999938964844,190.7899932861328,723200.0,186.97128295898438
2020-01-31,191.42999267578125,187.7100067138672,189.89999389648438,188.3000030517578,1003700.0,184.5311279296875
2020-02-03,189.89999389648438,188.0,188.9600067138672,189.1199951171875,826500.0,185.33473205566406
2020-02-04,194.9600067138672,191.47999572753906,191.60000610351562,192.88999938964844,1205800.0,189.02926635742188
2020-02-05,197.66000366210938,193.82000732421875,193.82000732421875,197.13999938964844,1338300.0,193.19419860839844
2020-02-06,200.38999938964844,197.6300048828125,198.0,199.8000030517578,1171600.0,195.8009796142578
2020-02-07,200.80999755859375,197.5800018310547,198.63999938964844,200.33999633789062,1223800.0,196.3301544189453
2020-02-10,201.4600067138672,198.6300048828125,199.42999267578125,200.07000732421875,918400.0,196.8023223876953
2020-02-11,201.2100067138672,198.10000610351562,200.00999450683594,199.94000244140625,994500.0,196.6744384765625
2020-02-12,200.44000244140625,197.8699951171875,199.6699981689453,198.72000122070312,713400.0,195.474365234375
2020-02-13,202.60000610351562,198.0,198.9199981689453,201.19000244140625,819500.0,197.90403747558594
2020-02-14,206.44000244140625,202.22000122070312,202.6999969482422,203.8300018310547,1373700.0,200.50091552734375
2020-02-18,205.32000732421875,200.72000122070312,203.13999938964844,203.82000732421875,903700.0,200.4910888671875
2020-02-19,207.5,203.97999572753906,204.2100067138672,206.63999938964844,805700.0,203.2650146484375
2020-02-20,208.5500030517578,205.24000549316406,206.63999938964844,208.33999633789062,821700.0,204.93724060058594
2020-02-21,208.24000549316406,205.97000122070312,207.89999389648438,207.39999389648438,798900.0,204.01258850097656
2020-02-24,204.35000610351562,200.38999938964844,202.39999389648438,201.5399932861328,1145900.0,198.24830627441406
2020-02-25,202.42999267578125,193.6999969482422,202.0,195.2899932861328,1369600.0,192.1003875732422
2020-02-26,197.66000366210938,190.77999877929688,196.44000244140625,190.97000122070312,1125400.0,187.85093688964844
2020-02-27,188.41000366210938,175.5500030517578,188.08999633789062,175.66000366210938,2282200.0,172.79100036621094
2020-02-28,172.38999938964844,163.52999877929688,170.27000427246094,172.3800048828125,3371200.0,169.5645751953125
2020-03-02,177.22000122070312,169.27000427246094,173.25,177.22000122070312,2010400.0,174.3255157470703
2020-03-03,183.4499969482422,174.9199981689453,178.27999877929688,177.58999633789062,1956900.0,174.689453125
2020-03-04,186.8000030517578,178.0,179.47000122070312,185.9600067138672,1444800.0,182.9227752685547
2020-03-05,186.19000244140625,179.4499969482422,181.69000244140625,182.77000427246094,1602000.0,179.78488159179688
2020-03-06,181.30999755859375,175.25,176.69000244140625,179.07000732421875,1667400.0,176.1453094482422
2020-03-09,172.08999633789062,161.4600067138672,168.0,164.24000549316406,1775400.0,161.55752563476562
2020-03-10,169.9199981689453,160.50999450683594,168.41000366210938,165.32000732421875,2004200.0,162.61988830566406
2020-03-11,162.80999755859375,153.85000610351562,161.16000366210938,155.07000732421875,1912500.0,152.53729248046875
2020-03-12,144.6999969482422,129.85000610351562,144.10000610351562,131.42999267578125,3220900.0,129.2833709716797
2020-03-13,143.24000549316406,122.37000274658203,141.24000549316406,132.97999572753906,3842200.0,130.80807495117188
2020-03-16,127.4000015258789,107.0,118.2300033569336,124.75,3623300.0,122.71249389648438
2020-03-17,127.11000061035156,110.04000091552734,125.58000183105469,124.44999694824219,3369600.0,122.41738891601562
2020-03-18,124.30999755859375,107.16000366210938,116.43000030517578,121.25,3366600.0,119.26966857910156
2020-03-19,125.52999877929688,114.66999816894531,120.0,123.05999755859375,2497200.0,121.05010223388672
2020-03-20,129.97999572753906,116.38999938964844,126.5999984741211,119.69999694824219,3165500.0,117.7449722290039
2020-03-23,119.69999694824219,104.27999877929688,117.25,105.63999938964844,5876300.0,103.91461181640625
2020-03-24,125.0,107.69000244140625,111.13999938964844,123.81999969482422,3815000.0,121.79768371582031
2020-03-25,133.72999572753906,123.7300033569336,124.75,126.61000061035156,3302500.0,124.54212951660156
2020-03-26,142.50999450683594,127.80000305175781,128.38999938964844,140.69000244140625,2699600.0,138.39215087890625
2020-03-27,148.8000030517578,135.0,135.0,144.8800048828125,3154000.0,142.51373291015625
2020-03-30,147.88999938964844,140.0,144.1999969482422,146.44000244140625,1793600.0,144.04824829101562
2020-03-31,149.47999572753906,142.0,144.60000610351562,143.36000061035156,1790500.0,141.0185546875
2020-04-01,142.66000366210938,135.52000427246094,138.5800018310547,136.8800048828125,1643200.0,134.64439392089844
2020-04-02,132.92999267578125,117.72000122070312,127.0,131.22000122070312,5828600.0,129.0768280029297
2020-04-03,135.00999450683594,125.61000061035156,135.00999450683594,132.1699981689453,3291100.0,130.0113067626953
2020-04-06,143.80999755859375,137.00999450683594,138.0500030517578,142.25999450683594,2402100.0,139.93650817871094
2020-04-07,162.99000549316406,149.52999877929688,156.49000549316406,149.58999633789062,2491800.0,147.14678955078125
2020-04-08,163.8000030517578,149.00999450683594,150.00999450683594,157.77000427246094,3432700.0,155.1931915283203
2020-04-09,167.75,161.11000061035156,162.63999938964844,166.24000549316406,2346600.0,163.5248565673828
2020-04-13,166.8000030517578,157.30999755859375,165.8800048828125,157.6300048828125,1783300.0,155.0554962158203
2020-04-14,169.3699951171875,161.5,162.0,167.8300018310547,2111900.0,165.08888244628906
2020-04-15,164.55999755859375,159.3699951171875,164.0,162.36000061035156,1735900.0,159.70822143554688
2020-04-16,164.3300018310547,159.80999755859375,163.30999755859375,162.14999389648438,1358300.0,159.50164794921875
2020-04-17,168.0800018310547,160.80999755859375,167.27999877929688,162.6999969482422,1540600.0,160.0426788330078
2020-04-20,163.3699951171875,156.5,159.88999938964844,156.6199951171875,1520300.0,154.06198120117188
2020-04-21,155.22999572753906,151.25,153.2100067138672,153.02000427246094,1437400.0,150.52076721191406
2020-04-22,157.0,152.3699951171875,157.0,155.22000122070312,1531400.0,152.68484497070312
2020-04-23,158.32000732421875,152.41000366210938,156.52999877929688,153.0500030517578,1185100.0,150.55027770996094
2020-04-24,159.08999633789062,153.50999450683594,155.08999633789062,158.8300018310547,1266700.0,156.23590087890625
2020-04-27,164.05999755859375,155.82000732421875,160.0,163.14999389648438,1679100.0,160.4853057861328
2020-04-28,169.2899932861328,164.0800018310547,166.1999969482422,167.42999267578125,1410300.0,164.69541931152344
2020-04-29,172.77000427246094,168.27999877929688,169.38999938964844,169.4199981689453,1230400.0,166.6529083251953
2020-04-30,167.61000061035156,162.38999938964844,166.9499969482422,164.69000244140625,1161100.0,162.0001678466797
2020-05-01,164.77999877929688,160.75,162.60000610351562,161.57000732421875,968500.0,158.93113708496094
2020-05-04,164.2100067138672,158.4199981689453,159.58999633789062,163.75,911800.0,161.82672119140625
2020-05-05,165.61000061035156,162.3800048828125,164.0,163.00999450683594,1054900.0,161.09539794921875
2020-05-06,166.9600067138672,163.13999938964844,164.11000061035156,165.47999572753906,931900.0,163.53639221191406
2020-05-07,168.0,163.6699981689453,167.72999572753906,164.77000427246094,860000.0,162.83474731445312
2020-05-08,166.85000610351562,159.5500030517578,160.8000030517578,166.05999755859375,1129100.0,164.10958862304688
2020-05-11,166.3300018310547,162.1199951171875,163.02000427246094,163.3000030517578,1262400.0,161.3820037841797
2020-05-12,165.3699951171875,160.47000122070312,165.19000244140625,160.52000427246094,917700.0,158.6346435546875
2020-05-13,161.0,153.10000610351562,161.0,155.32000732421875,1669200.0,153.4957275390625
2020-05-14,158.27999877929688,151.52999877929688,152.77000427246094,157.9600067138672,1376900.0,156.10472106933594
2020-05-15,160.08999633789062,155.89999389648438,157.22999572753906,158.49000549316406,1112400.0,156.6284942626953
2020-05-18,169.47999572753906,161.83999633789062,161.83999633789062,168.50999450683594,1848200.0,166.5308074951172
2020-05-19,172.66000366210938,165.4499969482422,167.6300048828125,168.89999389648438,1094300.0,166.9162139892578
2020-05-20,173.6199951171875,169.36000061035156,171.38999938964844,172.47000122070312,1125500.0,170.44430541992188
2020-05-21,172.50999450683594,168.2899932861328,171.7899932861328,171.0,971800.0,168.99154663085938
2020-05-22,172.82000732421875,168.16000366210938,170.8699951171875,172.30999755859375,1051300.0,170.28616333007812
2020-05-26,179.0800018310547,174.9499969482422,175.10000610351562,176.41000366210938,1505500.0,174.33802795410156
2020-05-27,179.42999267578125,171.36000061035156,179.24000549316406,179.3800048828125,1428400.0,177.27313232421875
2020-05-28,180.0,175.22999572753906,180.0,175.44000244140625,823000.0,173.37940979003906
2020-05-29,176.22999572753906,170.5399932861328,172.7100067138672,172.6999969482422,1668800.0,170.6715850830078
2020-06-01,176.27999877929688,171.27999877929688,172.39999389648438,173.25,1401200.0,171.21511840820312
2020-06-02,175.24000549316406,171.3699951171875,174.2899932861328,173.22999572753906,1158300.0,171.19537353515625
2020-06-03,176.1699981689453,172.77000427246094,173.47000122070312,174.82000732421875,1201500.0,172.76669311523438
2020-06-04,176.25999450683594,173.36000061035156,174.69000244140625,175.72999572753906,1898800.0,173.666015625
2020-06-05,183.25999450683594,177.58999633789062,179.07000732421875,181.4199981689453,1753200.0,179.28916931152344
2020-06-08,186.3300018310547,183.00999450683594,183.52999877929688,185.92999267578125,960100.0,183.74620056152344
2020-06-09,183.80999755859375,180.07000732421875,182.63999938964844,183.39999389648438,1135300.0,181.24591064453125
2020-06-10,183.58999633789062,179.2899932861328,183.58999633789062,180.3000030517578,1299400.0,178.18234252929688
2020-06-11,175.57000732421875,167.82000732421875,173.86000061035156,168.6699981689453,1500700.0,166.68893432617188
2020-06-12,173.8300018310547,167.27000427246094,172.94000244140625,170.27999877929688,929300.0,168.280029296875
2020-06-15,174.9499969482422,164.25,166.52999877929688,173.69000244140625,1132800.0,171.6499786376953
2020-06-16,180.25999450683594,173.6999969482422,179.27999877929688,177.4600067138672,1276300.0,175.3756866455078
2020-06-17,180.4600067138672,177.42999267578125,178.7100067138672,178.7100067138672,978200.0,176.6110076904297
2020-06-18,184.50999450683594,177.85000610351562,178.5500030517578,184.25,1229700.0,182.0859375
2020-06-19,189.3699951171875,181.22000122070312,187.64999389648438,181.41000366210938,2638300.0,179.279296875
2020-06-22,181.99000549316406,178.1199951171875,180.44000244140625,179.7100067138672,984300.0,177.59925842285156
2020-06-23,182.1300048828125,179.33999633789062,181.22000122070312,180.4600067138672,857300.0,178.3404541015625
2020-06-24,179.74000549316406,171.41000366210938,178.64999389648438,171.66000366210938,1418700.0,169.64381408691406
2020-06-25,174.00999450683594,168.74000549316406,171.74000549316406,173.3300018310547,1132200.0,171.294189453125
2020-06-26,174.08999633789062,166.52000427246094,174.08999633789062,168.99000549316406,1662800.0,167.0051727294922
2020-06-29,174.49000549316406,168.39999389648438,170.0,174.1699981689453,1160500.0,172.12432861328125
2020-06-30,175.11000061035156,172.33999633789062,174.7899932861328,174.9499969482422,1134200.0,172.89515686035156
2020-07-01,189.9199981689453,182.0399932861328,182.92999267578125,185.8800048828125,3465200.0,183.69680786132812
2020-07-02,190.74000549316406,185.38999938964844,189.17999267578125,185.8000030517578,1895100.0,183.61773681640625
2020-07-06,189.3800048828125,185.2100067138672,188.1199951171875,186.49000549316406,1004800.0,184.2996368408203
2020-07-07,186.58999633789062,182.27000427246094,184.17999267578125,182.4600067138672,904900.0,180.31695556640625
2020-07-08,184.11000061035156,181.3000030517578,183.27999877929688,183.47999572753906,800200.0,181.32496643066406
2020-07-09,185.5,181.7100067138672,184.24000549316406,182.38999938964844,1202100.0,180.24777221679688
2020-07-10,184.99000549316406,182.11000061035156,182.92999267578125,184.92999267578125,567600.0,182.7579345703125
2020-07-13,185.72999572753906,179.24000549316406,185.5,179.69000244140625,1136100.0,177.5795135498047
2020-07-14,179.89999389648438,176.24000549316406,179.0,179.17999267578125,1538000.0,177.07546997070312
2020-07-15,182.66000366210938,179.69000244140625,181.0500030517578,182.6300048828125,1365400.0,180.48497009277344
2020-07-16,183.72999572753906,180.61000061035156,181.88999938964844,181.24000549316406,1154900.0,179.11129760742188
2020-07-17,183.1300048828125,180.39999389648438,182.2899932861328,180.61000061035156,1093500.0,178.48867797851562
2020-07-20,180.32000732421875,175.39999389648438,179.64999389648438,177.60000610351562,1221100.0,175.5140380859375
2020-07-21,184.07000732421875,178.41000366210938,178.55999755859375,180.77000427246094,1225300.0,178.64682006835938
2020-07-22,181.0,178.8300018310547,180.39999389648438,179.49000549316406,1011600.0,177.3818359375
2020-07-23,182.9199981689453,178.7899932861328,180.3800048828125,179.0,1536700.0,176.89761352539062
2020-07-24,180.22000122070312,177.7100067138672,179.1999969482422,179.85000610351562,803900.0,177.73760986328125
2020-07-27,179.8800048828125,177.25999450683594,179.3000030517578,178.88999938964844,886600.0,176.78887939453125
2020-07-28,182.11000061035156,178.1699981689453,178.58999633789062,179.52000427246094,961800.0,177.41148376464844
2020-07-29,182.3000030517578,179.5,180.5500030517578,181.61000061035156,556100.0,179.47694396972656
2020-07-30,181.8800048828125,178.82000732421875,180.2100067138672,180.8300018310547,622600.0,178.70611572265625
2020-07-31,180.91000366210938,175.74000549316406,180.3000030517578,178.1999969482422,1095800.0,176.1069793701172
2020-08-03,178.1999969482422,172.74000549316406,178.1999969482422,173.2899932861328,1233900.0,171.25466918945312
2020-08-04,174.49000549316406,171.57000732421875,173.0,171.69000244140625,1208500.0,169.67344665527344
2020-08-05,173.57000732421875,172.11000061035156,172.11000061035156,173.42999267578125,740800.0,171.3930206298828
2020-08-06,173.0,170.25,171.00999450683594,171.08999633789062,1426300.0,169.08050537109375
2020-08-07,173.00999450683594,170.0500030517578,170.38999938964844,172.27000427246094,1456100.0,170.2466583251953
2020-08-10,172.94000244140625,170.94000244140625,171.7100067138672,171.4499969482422,757400.0,170.1771697998047
2020-08-11,174.50999450683594,171.88999938964844,173.77000427246094,172.8699951171875,926500.0,171.5866241455078
2020-08-12,177.10000610351562,173.88999938964844,174.3800048828125,175.5,1185300.0,174.1970977783203
2020-08-13,177.13999938964844,174.1199951171875,174.42999267578125,176.6199951171875,587300.0,175.30877685546875
2020-08-14,178.0800018310547,175.77000427246094,176.11000061035156,176.02999877929688,574000.0,174.72315979003906
2020-08-17,177.14999389648438,173.38999938964844,176.36000061035156,173.69000244140625,833400.0,172.40054321289062
2020-08-18,178.6199951171875,173.72999572753906,174.05999755859375,178.17999267578125,1515700.0,176.85719299316406
2020-08-19,180.39999389648438,177.7899932861328,178.19000244140625,180.0,971700.0,178.6636962890625
2020-08-20,179.6300048828125,177.75999450683594,178.3000030517578,178.33999633789062,875200.0,177.01600646972656
2020-08-21,179.55999755859375,177.13999938964844,179.0,179.2899932861328,916700.0,177.95895385742188
2020-08-24,181.5,177.8800048828125,178.75999450683594,181.49000549316406,695600.0,180.14263916015625
2020-08-25,181.55999755859375,179.1999969482422,181.25999450683594,180.17999267578125,703700.0,178.84234619140625
2020-08-26,181.77000427246094,179.11000061035156,179.94000244140625,181.36000061035156,748700.0,180.0135955810547
2020-08-27,183.94000244140625,181.63999938964844,182.0,182.64999389648438,733000.0,181.2940216064453
2020-08-28,185.75,181.19000244140625,182.6699981689453,185.3699951171875,775200.0,183.9938201904297
2020-08-31,185.8300018310547,183.3300018310547,185.4600067138672,184.47999572753906,733400.0,183.1104278564453
2020-09-01,186.10000610351562,183.3800048828125,183.89999389648438,185.94000244140625,973100.0,184.55960083007812
2020-09-02,189.47000122070312,185.97000122070312,186.97999572753906,188.00999450683594,1296500.0,186.61422729492188
2020-09-03,191.36000061035156,187.82000732421875,189.44000244140625,190.5800018310547,1614700.0,189.16514587402344
2020-09-04,192.47999572753906,187.5500030517578,191.05999755859375,191.52000427246094,1043200.0,190.09817504882812
2020-09-08,190.88999938964844,185.47999572753906,190.10000610351562,187.75999450683594,983000.0,186.3660888671875
2020-09-09,191.35000610351562,185.7899932861328,189.50999450683594,189.92999267578125,1443900.0,188.5199737548828
2020-09-10,191.11000061035156,188.08999633789062,189.72999572753906,188.72999572753906,884900.0,187.32887268066406
2020-09-11,190.2899932861328,186.4600067138672,188.7899932861328,188.80999755859375,863100.0,187.4082794189453
2020-09-14,196.47000122070312,189.24000549316406,189.8699951171875,195.30999755859375,1467600.0,193.86001586914062
2020-09-15,197.97000122070312,195.25,196.72000122070312,196.58999633789062,1042000.0,195.13052368164062
2020-09-16,197.22999572753906,192.8300018310547,197.0,193.1999969482422,1030900.0,191.76568603515625
2020-09-17,194.92999267578125,190.74000549316406,192.32000732421875,192.2100067138672,765500.0,190.78305053710938
2020-09-18,193.05999755859375,185.05999755859375,191.1699981689453,187.80999755859375,1624100.0,186.41571044921875
2020-09-21,185.5,180.57000732421875,185.4499969482422,185.05999755859375,1109700.0,183.68612670898438
2020-09-22,189.3000030517578,185.07000732421875,185.08999633789062,188.5,611800.0,187.1005859375
2020-09-23,190.47999572753906,186.47999572753906,188.24000549316406,186.57000732421875,899100.0,185.18492126464844
2020-09-24,185.99000549316406,179.7899932861328,185.47000122070312,181.8699951171875,1262500.0,180.51980590820312
2020-09-25,182.24000549316406,180.1199951171875,181.05999755859375,181.82000732421875,1865200.0,180.47019958496094
2020-09-28,186.0500030517578,183.8800048828125,184.69000244140625,185.4499969482422,1578200.0,184.07322692871094
2020-09-29,190.16000366210938,186.02999877929688,186.75999450683594,187.52000427246094,991800.0,186.12786865234375
2020-09-30,190.57000732421875,187.55999755859375,187.97000122070312,189.50999450683594,1309500.0,188.1030731201172
2020-10-01,191.0,183.41000366210938,191.0,184.61000061035156,1899400.0,183.23947143554688
2020-10-02,189.3000030517578,183.3000030517578,184.36000061035156,185.60000610351562,1328700.0,184.2221221923828
2020-10-05,186.0500030517578,182.82000732421875,185.39999389648438,183.60000610351562,961400.0,182.23696899414062
2020-10-06,184.8699951171875,180.30999755859375,183.5,180.5800018310547,850600.0,179.23939514160156
2020-10-07,183.97999572753906,181.1199951171875,182.02000427246094,181.47999572753906,848600.0,180.13270568847656
2020-10-08,185.22999572753906,180.6999969482422,181.5800018310547,185.14999389648438,1095500.0,183.77545166015625
2020-10-09,187.44000244140625,184.83999633789062,186.24000549316406,186.64999389648438,865900.0,185.26431274414062
2020-10-12,189.55999755859375,186.35000610351562,187.25999450683594,187.00999450683594,642100.0,185.62164306640625
2020-10-13,188.16000366210938,185.49000549316406,185.88999938964844,187.52999877929688,665800.0,186.13778686523438
2020-10-14,186.3800048828125,183.0500030517578,184.25999450683594,183.11000061035156,698200.0,181.75059509277344
2020-10-15,182.8699951171875,180.49000549316406,180.49000549316406,181.5500030517578,790900.0,180.2021942138672
2020-10-16,184.14999389648438,181.25,182.3000030517578,181.47999572753906,827400.0,180.13270568847656
2020-10-19,183.52999877929688,179.3000030517578,182.0,180.63999938964844,967800.0,179.29893493652344
2020-10-20,183.4600067138672,180.3000030517578,182.5,180.3300018310547,617800.0,178.99124145507812
2020-10-21,181.5,179.19000244140625,180.0,179.63999938964844,619300.0,178.30636596679688
2020-10-22,179.92999267578125,177.6999969482422,179.07000732421875,178.39999389648438,1035200.0,177.0755615234375
2020-10-23,180.49000549316406,176.9499969482422,180.0,179.4600067138672,1108300.0,178.12770080566406
2020-10-26,178.33999633789062,173.82000732421875,178.22000122070312,174.97000122070312,1294500.0,173.67103576660156
2020-10-27,177.3000030517578,172.1300048828125,174.5399932861328,172.16000366210938,843700.0,170.88189697265625
2020-10-28,169.75,164.89999389648438,169.60000610351562,165.00999450683594,1828500.0,163.7849578857422
2020-10-29,167.10000610351562,163.67999267578125,164.72000122070312,165.85000610351562,1192500.0,164.61874389648438
2020-10-30,165.24000549316406,160.6300048828125,164.7899932861328,165.22999572753906,1549200.0,164.0033416748047
2020-11-02,176.9600067138672,166.86000061035156,168.5500030517578,176.38999938964844,1699600.0,175.0804901123047
2020-11-03,185.74000549316406,180.00999450683594,180.00999450683594,184.83999633789062,1684300.0,183.46775817871094
2020-11-04,186.3699951171875,180.74000549316406,185.36000061035156,180.85000610351562,1130400.0,179.50738525390625
2020-11-05,184.72000122070312,182.42999267578125,183.0800018310547,183.47999572753906,979900.0,182.8762664794922
2020-11-06,186.97000122070312,182.13999938964844,183.08999633789062,185.77999877929688,886000.0,185.168701171875
2020-11-09,206.86000061035156,193.49000549316406,195.16000366210938,200.75,2394000.0,200.0894317626953
2020-11-10,203.64999389648438,198.44000244140625,202.88999938964844,200.55999755859375,1968400.0,199.90005493164062
2020-11-11,202.58999633789062,194.0800018310547,202.4499969482422,194.52999877929688,1741000.0,193.88990783691406
2020-11-12,197.50999450683594,192.1999969482422,193.5,194.89999389648438,863000.0,194.25868225097656
2020-11-13,202.49000549316406,195.5,196.02999877929688,202.00999450683594,919900.0,201.3452911376953
2020-11-16,207.89999389648438,203.3300018310547,205.9499969482422,206.10000610351562,937600.0,205.42184448242188
2020-11-17,205.92999267578125,201.1999969482422,204.0,205.0500030517578,944900.0,204.3752899169922
2020-11-18,207.64999389648438,203.10000610351562,205.08999633789062,203.75,807300.0,203.07955932617188
2020-11-19,204.33999633789062,201.35000610351562,202.3800048828125,204.2100067138672,759100.0,203.53805541992188
2020-11-20,204.27000427246094,200.1300048828125,203.47000122070312,200.57000732421875,569700.0,199.9100341796875
2020-11-23,203.4199981689453,200.36000061035156,201.0800018310547,201.5800018310547,656200.0,200.9167022705078
2020-11-24,208.66000366210938,202.83999633789062,203.35000610351562,207.8000030517578,1015700.0,207.11624145507812
2020-11-25,207.3800048828125,204.0500030517578,207.1999969482422,204.6999969482422,1144100.0,204.0264434814453
2020-11-27,205.55999755859375,203.4199981689453,204.64999389648438,204.80999755859375,534000.0,204.13607788085938
2020-11-30,205.94000244140625,202.5399932861328,203.52999877929688,205.83999633789062,1104400.0,205.16268920898438
2020-12-01,210.5,205.0,208.35000610351562,205.74000549316406,1040000.0,205.06301879882812
2020-12-02,206.2100067138672,202.6999969482422,205.0,204.99000549316406,749100.0,204.31549072265625
2020-12-03,211.63999938964844,205.0,205.91000366210938,209.77999877929688,1335700.0,209.0897216796875
2020-12-04,213.7899932861328,209.6699981689453,210.11000061035156,213.7899932861328,1231600.0,213.08651733398438
2020-12-07,214.11000061035156,211.50999450683594,214.02000427246094,212.0399932861328,993800.0,211.34228515625
2020-12-08,214.63999938964844,211.64999389648438,212.44000244140625,213.00999450683594,762500.0,212.30909729003906
2020-12-09,212.60000610351562,208.55999755859375,212.25,209.3800048828125,806900.0,208.6910400390625
2020-12-10,210.19000244140625,206.77000427246094,208.1300048828125,207.2899932861328,1054900.0,206.60791015625
2020-12-11,207.60000610351562,204.4600067138672,206.0,205.2899932861328,1312600.0,204.61448669433594
2020-12-14,208.86000061035156,206.0500030517578,207.5399932861328,207.0,1377900.0,206.31887817382812
2020-12-15,214.82000732421875,207.75999450683594,207.83999633789062,212.25,1814800.0,211.5515899658203
2020-12-16,216.5500030517578,212.52000427246094,212.52000427246094,214.80999755859375,866300.0,214.10316467285156
2020-12-17,218.89999389648438,215.3800048828125,215.3800048828125,217.8000030517578,1040200.0,217.08334350585938
2020-12-18,219.55999755859375,214.77000427246094,218.6699981689453,218.67999267578125,1736800.0,217.96043395996094
2020-12-21,215.61000061035156,212.75999450683594,213.8300018310547,214.4600067138672,851400.0,213.75433349609375
2020-12-22,215.47999572753906,212.0,215.07000732421875,212.9499969482422,880900.0,212.24928283691406
2020-12-23,216.5,212.88999938964844,214.25999450683594,215.47999572753906,614100.0,214.77096557617188
2020-12-24,216.10000610351562,213.86000061035156,214.49000549316406,215.80999755859375,266900.0,215.09988403320312
2020-12-28,219.77999877929688,215.75,217.42999267578125,218.63999938964844,751200.0,217.92056274414062
2020-12-29,220.0,217.0800018310547,219.94000244140625,217.44000244140625,685600.0,216.72451782226562
2020-12-30,219.77999877929688,217.00999450683594,217.4600067138672,218.2100067138672,429500.0,217.4919891357422
2020-12-31,219.33999633789062,217.27000427246094,217.6699981689453,219.0500030517578,696300.0,218.3292236328125
2021-01-04,220.27000427246094,212.77999877929688,220.0,216.74000549316406,1202600.0,216.02682495117188
2021-01-05,217.8000030517578,215.6300048828125,216.3300018310547,216.88999938964844,1530200.0,216.17633056640625
2021-01-06,226.32000732421875,219.0,219.22999572753906,223.72000122070312,1861700.0,222.98385620117188
2021-01-07,240.75999450683594,227.30999755859375,233.0,228.8699951171875,2537100.0,228.1168975830078
2021-01-08,232.47000122070312,225.25999450683594,230.13999938964844,230.2100067138672,1595400.0,229.45249938964844
2021-01-11,230.97000122070312,225.25,228.63999938964844,226.8800048828125,1099700.0,226.1334686279297
2021-01-12,231.0,226.00999450683594,227.0,228.08999633789062,1679100.0,227.3394775390625
2021-01-13,228.6300048828125,224.14999389648438,227.0,224.57000732421875,1542000.0,223.83106994628906
2021-01-14,226.5399932861328,222.64999389648438,224.5,223.89999389648438,1109900.0,223.1632537841797
2021-01-15,222.99000549316406,219.6300048828125,222.99000549316406,219.99000549316406,1068900.0,219.26612854003906
2021-01-19,224.47000122070312,219.1699981689453,221.25999450683594,222.91000366210938,1204800.0,222.17652893066406
2021-01-20,228.5800018310547,223.89999389648438,224.0,227.50999450683594,1124600.0,226.76138305664062
2021-01-21,228.89999389648438,225.83999633789062,226.97999572753906,228.69000244140625,944000.0,227.9375
2021-01-22,228.67999267578125,225.75,226.35000610351562,226.91000366210938,757300.0,226.16336059570312
2021-01-25,227.0,220.10000610351562,225.52999877929688,222.1699981689453,1568100.0,221.43894958496094
2021-01-26,223.25,219.4600067138672,222.85000610351562,219.85000610351562,986200.0,219.12660217285156
2021-01-27,217.8699951171875,211.89999389648438,216.44000244140625,213.32000732421875,1815500.0,212.6180877685547
2021-01-28,218.4600067138672,210.75999450683594,213.8300018310547,216.85000610351562,1398200.0,216.13645935058594
2021-01-29,216.52999877929688,210.7899932861328,215.8300018310547,210.92999267578125,1143600.0,210.23593139648438
2021-02-01,216.35000610351562,211.22999572753906,213.16000366210938,215.05999755859375,1260400.0,214.3523406982422
2021-02-02,219.77999877929688,216.13999938964844,217.97000122070312,217.72999572753906,1203200.0,217.01356506347656
2021-02-03,220.2899932861328,215.22999572753906,218.85000610351562,216.3000030517578,1347400.0,215.58827209472656
2021-02-04,223.6300048828125,216.13999938964844,217.00999450683594,223.50999450683594,1449300.0,222.7745361328125
2021-02-05,228.07000732421875,224.5399932861328,225.10000610351562,227.92999267578125,1002400.0,227.17999267578125
2021-02-08,228.66000366210938,223.69000244140625,226.5500030517578,228.6300048828125,814200.0,228.6300048828125
2021-02-09,235.5800018310547,231.7899932861328,234.0,233.8000030517578,1396800.0,233.8000030517578
2021-02-10,241.49000549316406,236.2100067138672,238.02000427246094,240.33999633789062,2061100.0,240.33999633789062
2021-02-11,241.4199981689453,233.11000061035156,240.22000122070312,236.38999938964844,1570100.0,236.38999938964844
2021-02-12,242.1199951171875,235.4600067138672,236.50999450683594,241.27000427246094,1301300.0,241.27000427246094
2021-02-16,242.6199951171875,230.19000244140625,242.1999969482422,232.0,1982400.0,232.0
2021-02-17,230.94000244140625,225.5500030517578,230.94000244140625,228.4600067138672,1163000.0,228.4600067138672
2021-02-18,229.57000732421875,225.08999633789062,226.50999450683594,226.17999267578125,968200.0,226.17999267578125
2021-02-19,228.1699981689453,223.0,225.91000366210938,223.2100067138672,1175100.0,223.2100067138672
2021-02-22,224.86000061035156,221.32000732421875,221.3300018310547,222.49000549316406,749900.0,222.49000549316406
2021-02-23,224.4600067138672,220.1999969482422,222.75999450683594,222.3800048828125,728700.0,222.3800048828125
2021-02-24,224.49000549316406,220.27999877929688,221.47000122070312,223.92999267578125,647000.0,223.92999267578125
2021-02-25,224.25,217.38999938964844,222.74000549316406,217.92999267578125,908900.0,217.92999267578125
2021-02-26,219.5399932861328,214.05999755859375,218.63999938964844,214.13999938964844,1365600.0,214.13999938964844
2021-03-01,219.97000122070312,216.75999450683594,217.0399932861328,217.75,892400.0,217.75
2021-03-02,219.60000610351562,217.64999389648438,217.69000244140625,218.14999389648438,967900.0,218.14999389648438
2021-03-03,219.02999877929688,216.02999877929688,217.3699951171875,216.05999755859375,704500.0,216.05999755859375
2021-03-04,217.2899932861328,208.58999633789062,215.4600067138672,211.14999389648438,1284800.0,211.14999389648438
2021-03-05,217.74000549316406,208.72000122070312,212.94000244140625,217.00999450683594,941300.0,217.00999450683594
2021-03-08,222.91000366210938,217.67999267578125,218.97000122070312,220.6300048828125,1041700.0,220.6300048828125
2021-03-09,229.4499969482422,221.77999877929688,222.3699951171875,227.10000610351562,1552700.0,227.10000610351562
2021-03-10,229.92999267578125,225.72000122070312,227.89999389648438,227.05999755859375,1007600.0,227.05999755859375
2021-03-11,229.77000427246094,226.27999877929688,227.07000732421875,228.61000061035156,845800.0,228.61000061035156
2021-03-12,231.6999969482422,228.35000610351562,229.94000244140625,229.38999938964844,697800.0,229.38999938964844
2021-03-15,231.2899932861328,228.14999389648438,229.91000366210938,229.86000061035156,581000.0,229.86000061035156
2021-03-16,232.91000366210938,230.0500030517578,230.3800048828125,230.6300048828125,660200.0,230.6300048828125
2021-03-17,234.82000732421875,230.25,232.49000549316406,233.00999450683594,800400.0,233.00999450683594
2021-03-18,236.67999267578125,230.99000549316406,232.91000366210938,231.07000732421875,1026700.0,231.07000732421875
2021-03-19,236.5399932861328,231.27999877929688,232.3300018310547,234.6999969482422,1424700.0,234.6999969482422
